-9998
-9986
-9965
-9960
-9947
-9947
-9940
-9938
-9922
-9914
-9891
-9890
-9875
-9871
-9864
-9861
-9849
-9842
-9839
-9834
-9833
-9811
-9807
-9795
-9755
-9709
-9701
-9683
-9674
-9663
-9650
-9623
-9613
-9595
-9588
-9579
-9577
-9558
-9550
-9549
-9533
-9532
-9531
-9516
-9510
-9500
-9500
-9482
-9469
-9453
-9451
-9442
-9430
-9429
-9394
-9375
-9369
-9367
-9345
-9334
-9331
-9329
-9309
-9305
-9272
-9268
-9264
-9261
-9258
-9257
-9250
-9248
-9228
-9221
-9213
-9206
-9202
-9193
-9192
-9191
-9188
-9187
-9182
-9143
-9141
-9131
-9113
-9105
-9097
-9096
-9079
-9072
-9070
-9063
-9061
-9028
-9015
-9005
-8992
-8989
-8988
-8967
-8953
-8952
-8951
-8943
-8940
-8931
-8927
-8923
-8910
-8905
-8889
-8888
-8884
-8880
-8857
-8850
-8834
-8832
-8831
-8828
-8827
-8801
-8796
-8787
-8768
-8760
-8755
-8742
-8740
-8735
-8719
-8714
-8714
-8713
-8708
-8703
-8699
-8692
-8655
-8647
-8633
-8606
-8601
-8600
-8592
-8590
-8590
-8581
-8565
-8565
-8544
-8515
-8511
-8509
-8489
-8482
-8474
-8452
-8446
-8429
-8404
-8394
-8389
-8375
-8338
-8333
-8306
-8304
-8304
-8293
-8291
-8267
-8253
-8204
-8202
-8177
-8158
-8157
-8156
-8143
-8124
-8110
-8092
-8082
-8068
-8055
-8035
-8025
-8016
-8014
-8010
-7997
-7973
-7969
-7966
-7961
-7961
-7960
-7950
-7935
-7917
-7909
-7904
-7899
-7897
-7894
-7883
-7882
-7880
-7856
-7834
-7827
-7819
-7817
-7804
-7800
-7794
-7791
-7787
-7781
-7778
-7770
-7747
-7737
-7732
-7729
-7726
-7700
-7697
-7678
-7675
-7671
-7652
-7640
-7636
-7619
-7613
-7609
-7604
-7591
-7565
-7564
-7561
-7554
-7554
-7550
-7515
-7513
-7505
-7486
-7480
-7478
-7453
-7452
-7449
-7438
-7391
-7386
-7384
-7373
-7362
-7353
-7352
-7351
-7336
-7309
-7303
-7268
-7260
-7243
-7241
-7225
-7222
-7201
-7194
-7180
-7177
-7136
-7132
-7131
-7130
-7115
-7104
-7084
-7070
-7057
-7046
-7044
-7039
-7026
-7023
-7021
-7005
-6987
-6961
-6953
-6949
-6946
-6945
-6927
-6926
-6925
-6925
-6918
-6907
-6896
-6892
-6889
-6889
-6871
-6831
-6830
-6819
-6813
-6809
-6795
-6790
-6779
-6773
-6750
-6742
-6729
-6672
-6665
-6644
-6633
-6629
-6599
-6581
-6566
-6544
-6538
-6477
-6470
-6459
-6452
-6429
-6422
-6419
-6412
-6377
-6346
-6343
-6342
-6335
-6327
-6326
-6307
-6306
-6283
-6281
-6279
-6278
-6276
-6248
-6248
-6225
-6215
-6215
-6210
-6191
-6159
-6150
-6124
-6119
-6118
-6115
-6083
-6071
-6064
-6054
-6043
-6038
-6033
-6007
-5987
-5971
-5966
-5955
-5939
-5931
-5908
-5890
-5886
-5882
-5873
-5846
-5824
-5819
-5812
-5812
-5795
-5793
-5782
-5745
-5745
-5744
-5725
-5716
-5706
-5700
-5695
-5685
-5683
-5666
-5653
-5652
-5644
-5643
-5631
-5625
-5605
-5575
-5571
-5562
-5558
-5555
-5526
-5464
-5439
-5438
-5434
-5427
-5422
-5397
-5378
-5377
-5365
-5344
-5341
-5341
-5325
-5300
-5298
-5277
-5256
-5248
-5247
-5240
-5229
-5224
-5221
-5213
-5211
-5187
-5171
-5170
-5167
-5166
-5161
-5152
-5141
-5138
-5136
-5134
-5134
-5129
-5128
-5118
-5089
-5077
-5077
-5062
-5057
-5025
-5001
-5000
-4997
-4988
-4980
-4979
-4946
-4942
-4914
-4912
-4907
-4906
-4884
-4880
-4852
-4847
-4835
-4835
-4831
-4824
-4819
-4809
-4785
-4778
-4761
-4747
-4732
-4716
-4692
-4665
-4663
-4654
-4649
-4647
-4629
-4628
-4626
-4624
-4615
-4578
-4574
-4571
-4563
-4559
-4552
-4551
-4548
-4548
-4529
-4489
-4487
-4483
-4482
-4481
-4471
-4459
-4459
-4457
-4422
-4407
-4392
-4385
-4374
-4334
-4329
-4322
-4318
-4312
-4303
-4296
-4290
-4279
-4262
-4261
-4248
-4247
-4246
-4232
-4229
-4227
-4224
-4180
-4172
-4155
-4145
-4130
-4125
-4118
-4112
-4110
-4100
-4091
-4078
-4068
-4053
-4053
-4046
-4030
-4023
-3968
-3958
-3951
-3950
-3931
-3931
-3911
-3892
-3887
-3883
-3873
-3850
-3842
-3817
-3816
-3810
-3806
-3797
-3783
-3782
-3779
-3774
-3773
-3772
-3763
-3758
-3751
-3747
-3741
-3725
-3724
-3707
-3704
-3700
-3680
-3666
-3664
-3656
-3651
-3649
-3648
-3637
-3627
-3620
-3611
-3599
-3597
-3594
-3579
-3572
-3545
-3526
-3519
-3516
-3509
-3484
-3474
-3443
-3431
-3388
-3385
-3383
-3379
-3377
-3373
-3367
-3355
-3350
-3292
-3291
-3290
-3249
-3244
-3242
-3227
-3211
-3196
-3189
-3187
-3150
-3135
-3134
-3091
-3069
-3061
-3059
-3041
-3034
-3028
-3024
-3013
-3012
-3007
-2987
-2987
-2959
-2957
-2954
-2945
-2908
-2897
-2876
-2852
-2850
-2847
-2839
-2820
-2797
-2793
-2792
-2780
-2774
-2765
-2720
-2698
-2684
-2666
-2652
-2645
-2644
-2641
-2636
-2606
-2604
-2601
-2599
-2591
-2562
-2552
-2550
-2549
-2547
-2538
-2537
-2534
-2533
-2524
-2523
-2515
-2514
-2471
-2469
-2464
-2433
-2427
-2425
-2424
-2421
-2400
-2373
-2358
-2356
-2346
-2340
-2336
-2334
-2319
-2315
-2291
-2290
-2283
-2283
-2266
-2261
-2218
-2198
-2195
-2177
-2156
-2144
-2140
-2134
-2117
-2112
-2104
-2101
-2071
-2067
-2060
-2041
-2041
-2037
-2031
-2017
-2011
-1996
-1961
-1951
-1932
-1913
-1878
-1859
-1857
-1843
-1841
-1835
-1813
-1797
-1785
-1778
-1768
-1765
-1756
-1736
-1712
-1702
-1696
-1686
-1663
-1645
-1638
-1621
-1620
-1615
-1610
-1607
-1604
-1599
-1589
-1572
-1570
-1541
-1534
-1531
-1518
-1492
-1489
-1472
-1446
-1436
-1415
-1374
-1370
-1370
-1369
-1364
-1340
-1306
-1275
-1232
-1216
-1214
-1208
-1207
-1194
-1185
-1179
-1178
-1169
-1167
-1154
-1152
-1150
-1124
-1115
-1101
-1099
-1071
-1052
-1050
-1029
-1013
-987
-976
-966
-966
-956
-948
-923
-920
-883
-873
-867
-858
-855
-851
-849
-844
-830
-829
-821
-812
-808
-806
-784
-739
-734
-729
-710
-690
-688
-679
-655
-635
-599
-596
-589
-589
-574
-532
-526
-522
-479
-473
-470
-466
-447
-420
-403
-389
-359
-345
-326
-300
-298
-290
-284
-270
-265
-238
-200
-196
-183
-183
-180
-177
-150
-116
-111
-107
-98
-86
-80
-72
-67
-67
-66
-59
-45
-40
-33
-32
-32
-29
7
11
26
33
38
52
52
62
65
83
97
103
104
137
145
150
151
158
161
166
181
192
200
202
242
244
252
255
256
258
258
268
268
271
300
302
302
303
307
315
350
354
358
361
365
369
374
376
380
401
409
419
436
439
446
452
456
461
463
479
483
486
518
525
527
532
549
566
601
601
608
631
635
648
654
660
665
684
686
687
694
698
700
711
728
732
747
762
764
775
792
903
924
931
939
949
958
960
961
964
966
989
1003
1020
1029
1033
1039
1040
1044
1048
1052
1058
1106
1111
1122
1128
1135
1141
1153
1160
1169
1189
1196
1217
1248
1252
1259
1262
1277
1285
1291
1313
1318
1324
1333
1340
1350
1362
1393
1401
1408
1414
1448
1454
1460
1470
1485
1488
1511
1529
1542
1546
1548
1548
1560
1580
1587
1588
1589
1592
1598
1612
1616
1621
1628
1630
1680
1680
1717
1749
1749
1769
1777
1796
1822
1832
1832
1839
1865
1879
1888
1893
1900
1902
1912
1915
1919
1935
1935
1951
1957
1977
1985
1991
1993
2001
2004
2035
2037
2043
2045
2055
2070
2082
2093
2105
2121
2122
2139
2153
2162
2178
2201
2207
2208
2219
2221
2229
2260
2288
2291
2296
2311
2311
2312
2315
2316
2333
2343
2345
2348
2358
2376
2384
2387
2388
2415
2423
2428
2431
2460
2462
2464
2491
2497
2497
2504
2508
2523
2558
2560
2560
2566
2568
2581
2583
2583
2592
2628
2680
2695
2702
2704
2718
2720
2737
2751
2757
2760
2760
2799
2811
2816
2827
2828
2831
2860
2864
2873
2886
2892
2919
2932
2981
3002
3005
3005
3011
3020
3035
3075
3075
3078
3088
3090
3126
3131
3133
3179
3184
3236
3250
3253
3269
3279
3280
3288
3298
3311
3318
3322
3324
3329
3336
3358
3358
3363
3363
3365
3372
3375
3379
3398
3411
3430
3449
3453
3458
3466
3481
3501
3521
3540
3569
3588
3596
3598
3609
3633
3634
3636
3649
3653
3660
3664
3681
3692
3731
3755
3764
3804
3807
3835
3840
3850
3857
3878
3879
3899
3902
3903
3904
3961
3963
3969
3977
3988
4001
4057
4062
4068
4069
4070
4082
4129
4137
4140
4154
4158
4158
4159
4163
4179
4183
4184
4188
4201
4204
4219
4219
4241
4247
4249
4251
4280
4280
4284
4293
4315
4321
4323
4325
4334
4340
4343
4357
4373
4402
4417
4434
4435
4443
4449
4455
4458
4489
4497
4505
4510
4525
4533
4554
4574
4583
4586
4588
4596
4597
4611
4622
4637
4645
4664
4666
4672
4675
4684
4732
4734
4744
4757
4758
4765
4793
4807
4861
4872
4882
4906
4914
4926
4927
4928
4944
4950
4951
4961
4967
4980
4995
5001
5004
5005
5030
5040
5043
5046
5058
5065
5066
5082
5112
5117
5127
5128
5134
5138
5155
5160
5161
5168
5170
5171
5175
5179
5179
5183
5192
5204
5213
5229
5230
5238
5253
5258
5263
5274
5276
5302
5323
5326
5326
5328
5356
5356
5369
5372
5373
5386
5393
5407
5417
5431
5437
5438
5439
5447
5452
5459
5488
5497
5507
5509
5515
5518
5520
5527
5539
5539
5558
5567
5579
5581
5594
5607
5612
5638
5642
5665
5665
5668
5674
5686
5697
5698
5705
5712
5724
5755
5758
5760
5781
5785
5792
5795
5804
5811
5815
5832
5834
5841
5854
5882
5892
5893
5910
5913
5921
5938
5942
5945
5953
5959
5969
5974
5990
5996
6005
6009
6027
6030
6051
6052
6065
6079
6087
6091
6095
6096
6103
6116
6129
6130
6172
6190
6195
6197
6199
6200
6218
6230
6234
6246
6251
6277
6279
6279
6284
6285
6287
6295
6307
6310
6316
6320
6323
6325
6333
6383
6401
6401
6424
6448
6462
6465
6470
6473
6500
6521
6538
6549
6552
6556
6556
6577
6582
6592
6623
6628
6631
6641
6652
6667
6667
6680
6685
6685
6686
6692
6764
6773
6773
6775
6799
6824
6827
6835
6841
6880
6885
6893
6907
6915
6917
6941
6961
6987
7006
7012
7023
7059
7065
7068
7092
7093
7097
7109
7128
7141
7150
7156
7164
7167
7180
7183
7200
7231
7241
7250
7252
7261
7262
7281
7282
7288
7298
7301
7310
7337
7351
7362
7364
7365
7376
7377
7398
7415
7418
7420
7422
7423
7424
7429
7432
7441
7442
7446
7454
7455
7456
7489
7501
7528
7532
7566
7574
7590
7595
7638
7642
7660
7674
7676
7678
7695
7718
7722
7744
7751
7789
7798
7816
7829
7834
7842
7846
7849
7868
7872
7883
7888
7903
7918
7949
7971
7978
7997
8002
8025
8038
8042
8046
8055
8057
8081
8096
8104
8109
8110
8112
8147
8150
8162
8182
8192
8237
8246
8249
8302
8324
8334
8340
8362
8364
8369
8384
8402
8407
8418
8475
8478
8490
8523
8524
8527
8530
8542
8572
8582
8585
8606
8617
8620
8621
8625
8637
8637
8643
8678
8742
8765
8776
8785
8793
8804
8814
8823
8829
8847
8850
8861
8885
8893
8936
8974
8978
8995
8995
9017
9017
9019
9023
9025
9040
9040
9041
9044
9065
9077
9083
9085
9092
9133
9138
9141
9156
9166
9188
9201
9223
9225
9236
9245
9272
9273
9274
9275
9276
9330
9335
9346
9347
9353
9382
9389
9398
9412
9461
9467
9473
9497
9525
9527
9528
9544
9548
9550
9570
9571
9574
9596
9623
9629
9643
9652
9654
9668
9671
9709
9711
9721
9727
9728
9746
9789
9791
9795
9811
9851
9851
9856
9867
9869
9899
9936
9981
10002
10012
10077
10089
10095
10121
10135
10139
10141
10143
10144
10159
10161
10167
10172
10187
10198
10204
10216
10218
10226
10227
10235
10248
10250
10258
10258
10268
10272
10285
10298
10299
10305
10306
10307
10315
10339
10343
10374
10379
10399
10404
10436
10443
10470
10471
10499
10506
10516
10516
10523
10548
10549
10567
10582
10602
10604
10609
10620
10628
10636
10646
10650
10668
10670
10694
10707
10709
10729
10729
10765
10766
10795
10818
10824
10850
10853
10877
10885
10891
10891
10900
10959
10959
10998
10999
11006
11022
11093
11110
11144
11149
11173
11179
11214
11215
11224
11235
11239
11240
11247
11250
11252
11263
11269
11272
11273
11273
11274
11288
11292
11296
11296
11304
11327
11342
11356
11364
11370
11382
11391
11414
11427
11435
11447
11450
11452
11474
11494
11494
11504
11509
11526
11526
11530
11535
11567
11601
11619
11630
11636
11652
11652
11657
11661
11678
11690
11700
11708
11715
11742
11747
11760
11781
11782
11805
11805
11819
11833
11839
11865
11884
11887
11937
11938
11990
12004
12015
12020
12029
12029
12033
12037
12045
12047
12048
12057
12065
12085
12086
12092
12096
12099
12101
12109
12110
12113
12118
12125
12126
12151
12162
12217
12234
12236
12253
12268
12289
12296
12305
12332
12340
12363
12365
12371
12418
12434
12438
12447
12464
12467
12475
12479
12481
12481
12503
12510
12537
12552
12559
12560
12585
12591
12595
12599
12605
12618
12622
12623
12625
12645
12646
12660
12661
12677
12692
12698
12704
12717
12720
12728
12733
12740
12741
12744
12777
12778
12788
12788
12805
12807
12814
12819
12820
12840
12845
12862
12874
12876
12915
12920
12922
12923
12926
12931
12936
12979
12988
12989
13013
13022
13028
13037
13046
13051
13068
13093
13100
13106
13111
13112
13151
13160
13161
13165
13180
13184
13201
13212
13249
13252
13255
13269
13269
13281
13286
13307
13307
13309
13339
13339
13348
13364
13376
13377
13400
13403
13411
13414
13416
13433
13436
13455
13469
13475
13476
13493
13498
13500
13506
13519
13526
13547
13553
13558
13571
13572
13585
13586
13587
13597
13604
13611
13613
13619
13627
13635
13641
13650
13657
13668
13670
13676
13700
13705
13714
13733
13734
13738
13741
13742
13766
13772
13786
13805
13822
13842
13847
13854
13859
13882
13896
13896
13896
13908
13933
13933
13941
13943
13960
13963
13968
13970
13985
13993
14005
14017
14026
14041
14077
14123
14124
14130
14138
14150
14153
14161
14176
14193
14194
14204
14206
14208
14226
14228
14244
14254
14272
14273
14274
14298
14301
14319
14326
14328
14332
14335
14339
14345
14384
14412
14412
14418
14420
14466
14481
14494
14537
14551
14581
14599
14605
14640
14654
14662
14678
14681
14682
14683
14689
14723
14726
14730
14731
14737
14743
14744
14748
14763
14769
14770
14781
14785
14794
14800
14809
14809
14816
14842
14868
14874
14879
14894
14897
14898
14901
14912
14914
14916
14956
14957
14960
14961
15008
15013
15014
15030
15031
15046
15046
15054
15068
15073
15083
15087
15093
15106
15111
15138
15152
15187
15191
15194
15210
15212
15229
15230
15258
15259
15264
15270
15285
15308
15313
15316
15318
15345
15355
15393
15409
15429
15443
15452
15466
15484
15498
15512
15514
15527
15528
15533
15533
15553
15554
15555
15567
15573
15596
15604
15633
15653
15659
15664
15681
15727
15732
15747
15749
15755
15764
15766
15769
15774
15777
15777
15801
15804
15809
15813
15824
15832
15833
15838
15848
15861
15864
15869
15874
15877
15893
15910
15914
15916
15922
15929
15948
15954
15966
16003
16011
16076
16091
16092
16115
16123
16129
16132
16133
16151
16159
16164
16170
16214
16222
16225
16225
16241
16242
16250
16272
16280
16315
16328
16328
16367
16369
16371
16382
16394
16412
16426
16434
16457
16467
16480
16493
16494
16513
16527
16538
16545
16583
16606
16611
16642
16652
16673
16675
16680
16686
16696
16697
16702
16719
16728
16737
16750
16754
16777
16777
16796
16803
16807
16811
16819
16844
16848
16849
16854
16861
16867
16869
16888
16894
16937
16941
16947
16951
16956
16960
16968
16978
16990
17001
17005
17047
17072
17081
17082
17089
17091
17109
17133
17134
17136
17145
17147
17148
17153
17170
17205
17207
17240
17247
17255
17271
17291
17299
17307
17330
17334
17336
17337
17349
17351
17352
17355
17357
17364
17373
17380
17398
17400
17431
17437
17455
17459
17461
17475
17478
17486
17492
17492
17496
17500
17502
17503
17507
17536
17553
17562
17565
17574
17575
17600
17679
17713
17737
17741
17751
17757
17778
17779
17781
17782
17783
17795
17812
17824
17828
17839
17842
17858
17868
17872
17895
17913
17913
17916
17928
17928
17953
17960
17966
17966
17976
18017
18035
18047
18049
18049
18058
18065
18066
18070
18074
18079
18103
18105
18113
18123
18127
18169
18169
18177
18181
18185
18193
18206
18212
18215
18218
18222
18225
18241
18249
18258
18264
18300
18301
18304
18317
18336
18345
18346
18361
18364
18377
18386
18393
18414
18422
18437
18463
18466
18536
18537
18545
18562
18573
18585
18594
18603
18613
18613
18629
18636
18655
18657
18663
18678
18688
18698
18705
18712
18725
18742
18787
18791
18792
18794
18824
18845
18846
18854
18863
18865
18885
18888
18907
18919
18921
18921
18925
18926
18938
18972
18973
18981
18987
18988
18992
19002
19027
19037
19054
19054
19060
19066
19085
19086
19090
19102
19116
19135
19142
19166
19190
19194
19196
19209
19220
19229
19248
19253
19259
19260
19262
19266
19267
19288
19298
19306
19312
19315
19317
19326
19331
19339
19364
19369
19372
19378
19382
19388
19402
19404
19408
19426
19472
19483
19490
19498
19514
19515
19528
19544
19544
19562
19564
19570
19583
19587
19588
19599
19623
19629
19645
19647
19653
19696
19707
19714
19715
19715
19727
19743
19749
19764
19777
19784
19793
19793
19813
19838
19847
19873
19882
19891
19895
19910
19912
19913
19951
19958
19961
20009
20012
20020
20027
20040
20042
20064
20080
20082
20089
20104
20112
20132
20137
20143
20148
20159
20162
20163
20165
20168
20179
20180
20192
20192
20198
20212
20226
20237
20315
20320
20321
20337
20361
20362
20373
20385
20386
20393
20433
20450
20450
20494
20494
20534
20535
20548
20555
20583
20597
20602
20613
20614
20618
20631
20634
20636
20652
20653
20667
20682
20693
20701
20713
20729
20731
20739
20742
20753
20760
20767
20773
20788
20812
20836
20842
20855
20860
20868
20895
20910
20917
20930
20939
20942
20946
20962
20966
20973
20979
20982
20982
20991
21003
21003
21022
21064
21065
21071
21083
21097
21106
21108
21112
21118
21118
21147
21163
21167
21180
21183
21187
21191
21195
21221
21232
21237
21247
21258
21266
21272
21294
21296
21307
21314
21315
21323
21335
21377
21378
21380
21392
21395
21400
21401
21404
21416
21430
21441
21446
21450
21454
21468
21489
21500
21503
21512
21519
21525
21536
21556
21582
21585
21594
21595
21603
21628
21636
21654
21657
21683
21732
21746
21757
21770
21771
21786
21805
21809
21830
21843
21847
21849
21853
21869
21870
21890
21891
21893
21893
21894
21900
21911
21912
21918
21923
21956
21973
21975
21975
21977
21994
21995
22011
22014
22017
22043
22048
22057
22058
22071
22078
22081
22083
22097
22102
22122
22143
22157
22160
22177
22182
22195
22215
22229
22234
22242
22265
22268
22278
22281
22288
22290
22291
22300
22302
22359
22363
22366
22369
22378
22391
22395
22400
22433
22435
22450
22465
22471
22477
22481
22492
22506
22514
22532
22601
22610
22615
22619
22626
22641
22682
22692
22708
22724
22748
22766
22771
22788
22794
22797
22802
22833
22845
22845
22848
22849
22867
22873
22882
22891
22919
22933
22938
22939
22954
22959
22969
22986
22994
23006
23024
23028
23032
23033
23038
23044
23052
23055
23058
23065
23066
23077
23080
23087
23141
23191
23200
23213
23214
23253
23258
23285
23290
23299
23301
23331
23336
23343
23410
23433
23436
23440
23441
23446
23448
23450
23461
23463
23466
23473
23486
23501
23515
23523
23539
23557
23578
23582
23593
23606
23609
23612
23614
23630
23641
23648
23649
23657
23664
23671
23675
23679
23680
23680
23682
23683
23693
23694
23699
23702
23707
23722
23725
23733
23736
23743
23748
23756
23782
23787
23789
23797
23802
23809
23815
23846
23849
23851
23856
23869
23901
23902
23904
23909
23929
23941
23948
23959
23967
23983
23989
24024
24064
24064
24066
24067
24080
24081
24090
24118
24123
24142
24148
24158
24171
24181
24185
24189
24195
24199
24203
24214
24222
24239
24243
24252
24262
24266
24273
24300
24309
24333
24338
24351
24366
24382
24384
24390
24394
24423
24425
24448
24464
24465
24486
24521
24524
24536
24573
24593
24598
24601
24606
24620
24623
24640
24644
24647
24653
24654
24662
24672
24683
24698
24699
24708
24713
24718
24739
24753
24763
24763
24770
24780
24782
24785
24786
24791
24807
24830
24840
24860
24862
24867
24871
24889
24893
24899
24919
24919
24923
24924
24927
24939
24940
24983
24993
25009
25031
25053
25060
25064
25066
25075
25080
25085
25106
25106
25111
25111
25123
25137
25143
25153
25166
25176
25206
25213
25228
25234
25247
25248
25251
25259
25262
25277
25279
25282
25294
25299
25305
25321
25326
25333
25338
25346
25363
25380
25396
25398
25402
25404
25411
25437
25441
25456
25461
25479
25487
25510
25517
25528
25540
25542
25544
25563
25572
25574
25575
25596
25598
25608
25624
25669
25670
25673
25680
25686
25707
25707
25712
25722
25724
25749
25771
25789
25795
25798
25815
25816
25822
25829
25840
25877
25891
25899
25912
25916
25933
25938
25950
25966
25971
25972
26009
26023
26070
26091
26101
26102
26138
26172
26176
26209
26211
26213
26220
26232
26236
26302
26337
26337
26344
26362
26367
26368
26383
26393
26410
26428
26441
26459
26477
26487
26487
26491
26528
26529
26539
26550
26565
26572
26584
26594
26594
26596
26599
26601
26602
26611
26613
26649
26649
26681
26690
26695
26698
26725
26745
26751
26765
26773
26785
26798
26803
26807
26808
26828
26853
26855
26866
26870
26886
26886
26900
26917
26939
26951
26975
26979
26991
26994
27000
27011
27016
27027
27044
27054
27055
27057
27063
27072
27074
27096
27107
27118
27122
27128
27130
27144
27169
27174
27187
27237
27246
27256
27293
27298
27303
27331
27337
27349
27353
27359
27366
27369
27405
27439
27446
27466
27471
27487
27506
27537
27539
27541
27545
27547
27554
27558
27568
27574
27580
27598
27605
27627
27645
27646
27654
27658
27689
27701
27729
27733
27734
27735
27765
27772
27783
27784
27787
27821
27826
27858
27862
27863
27899
27906
27906
27917
27922
27935
27939
27954
27956
27957
27976
27995
28011
28038
28041
28044
28074
28079
28099
28102
28117
28118
28141
28143
28159
28167
28170
28180
28188
28196
28202
28206
28206
28210
28215
28238
28249
28262
28287
28299
28318
28328
28344
28353
28364
28367
28411
28414
28421
28439
28440
28468
28475
28477
28506
28518
28532
28535
28541
28543
28545
28565
28579
28581
28589
28599
28615
28619
28659
28662
28679
28687
28703
28736
28747
28748
28782
28801
28815
28817
28831
28839
28842
28852
28859
28860
28864
28875
28876
28884
28898
28919
28941
28957
28978
28979
28983
28989
29000
29001
29001
29022
29065
29066
29069
29088
29103
29103
29109
29145
29152
29175
29176
29186
29190
29196
29209
29222
29223
29225
29233
29235
29253
29257
29257
29290
29304
29315
29335
29338
29359
29360
29384
29401
29416
29424
29430
29451
29487
29488
29515
29523
29531
29539
29543
29551
29552
29572
29577
29578
29578
29597
29616
29618
29618
29629
29634
29635
29660
29668
29673
29674
29676
29677
29707
29720
29723
29742
29768
29776
29842
29859
29865
29875
29876
29880
29897
29901
29904
29906
29917
29921
29921
29929
29936
29937
29941
29946
29946
29949
29949
29951
29961
29969
29992
30004
30012
30012
30027
30051
30059
30075
30079
30093
30101
30110
30112
30113
30117
30130
30133
30135
30156
30179
30181
30191
30193
30195
30204
30207
30224
30226
30228
30233
30240
30272
30274
30295
30299
30308
30309
30310
30322
30337
30341
30359
30364
30365
30366
30367
30372
30373
30375
30386
30401
30411
30418
30420
30426
30430
30455
30467
30469
30481
30483
30502
30503
30508
30510
30519
30523
30523
30535
30550
30555
30563
30609
30615
30617
30621
30626
30639
30658
30671
30677
30695
30696
30716
30717
30724
30733
30737
30740
30757
30763
30766
30767
30771
30777
30810
30816
30844
30871
30876
30937
30943
30965
30976
30982
31002
31005
31009
31020
31027
31055
31061
31065
31071
31081
31081
31084
31088
31119
31120
31122
31136
31137
31145
31150
31198
31201
31212
31214
31223
31226
31230
31235
31240
31241
31245
31255
31271
31275
31281
31283
31287
31292
31306
31313
31322
31331
31348
31350
31364
31372
31377
31400
31408
31418
31436
31441
31457
31472
31477
31481
31482
31486
31503
31509
31514
31523
31525
31526
31528
31529
31535
31538
31547
31550
31562
31565
31570
31582
31587
31591
31599
31600
31608
31608
31610
31612
31619
31620
31620
31629
31644
31648
31671
31677
31711
31722
31722
31729
31731
31740
31753
31772
31779
31795
31797
31808
31810
31811
31818
31832
31834
31846
31853
31879
31898
31901
31905
31910
31914
31924
31929
31930
31940
31960
31964
31972
31974
31974
31986
31998
32080
32105
32127
32131
32164
32173
32187
32188
32198
32202
32206
32215
32225
32235
32250
32254
32283
32291
32305
32309
32318
32323
32341
32362
32369
32373
32380
32383
32394
32412
32420
32427
32433
32441
32447
32477
32526
32526
32542
32556
32560
32561
32561
32573
32581
32583
32584
32584
32606
32619
32619
32626
32635
32674
32681
32699
32700
32723
32733
32737
32748
32756
32761
32762
32772
32780
32820
32832
32834
32838
32855
32891
32916
32923
32926
32933
32948
32997
33017
33022
33037
33040
33046
33050
33054
33064
33084
33102
33103
33125
33130
33139
33161
33199
33223
33250
33251
33257
33261
33302
33307
33309
33326
33346
33347
33368
33369
33370
33376
33378
33380
33388
33389
33459
33463
33476
33488
33495
33496
33502
33503
33521
33523
33530
33532
33543
33552
33555
33562
33563
33597
33604
33611
33626
33631
33641
33644
33646
33647
33661
33685
33706
33729
33732
33744
33749
33771
33771
33821
33825
33873
33875
33889
33896
33902
33919
33924
33931
33939
33958
33964
33979
33995
34010
34033
34043
34050
34056
34057
34063
34075
34093
34095
34100
34107
34114
34120
34125
34152
34179
34186
34189
34198
34200
34213
34225
34250
34253
34255
34260
34285
34301
34304
34306
34311
34317
34326
34330
34333
34344
34350
34358
34366
34378
34427
34434
34454
34467
34475
34480
34484
34496
34497
34514
34526
34529
34544
34549
34557
34560
34567
34574
34606
34611
34619
34623
34636
34672
34672
34680
34702
34712
34744
34761
34780
34786
34814
34824
34827
34831
34833
34843
34846
34855
34858
34859
34862
34883
34895
34905
34909
34919
34928
34938
34943
34946
34948
34963
34963
34967
34977
34979
34982
34987
34998
35012
35018
35022
35047
35047
35054
35084
35097
35113
35122
35135
35159
35173
35184
35192
35197
35202
35205
35226
35241
35243
35245
35251
35264
35271
35303
35310
35314
35317
35319
35327
35337
35349
35350
35365
35390
35397
35420
35421
35433
35436
35448
35450
35464
35468
35475
35511
35515
35516
35529
35533
35544
35553
35609
35629
35657
35672
35687
35710
35714
35728
35738
35750
35762
35764
35776
35784
35792
35822
35849
35854
35859
35859
35876
35902
35926
35933
35948
35955
35979
36001
36039
36043
36051
36055
36055
36078
36085
36090
36100
36119
36132
36137
36139
36147
36150
36161
36166
36169
36191
36201
36207
36218
36231
36234
36239
36311
36318
36325
36328
36329
36337
36347
36357
36365
36388
36389
36429
36440
36453
36461
36467
36473
36485
36507
36518
36540
36556
36575
36589
36592
36613
36625
36644
36645
36657
36701
36713
36713
36718
36722
36722
36730
36740
36743
36780
36789
36805
36846
36850
36854
36866
36881
36885
36888
36889
36895
36900
36904
36916
37009
37010
37017
37024
37027
37030
37055
37058
37071
37087
37092
37106
37110
37114
37117
37126
37141
37155
37168
37170
37197
37204
37204
37206
37268
37286
37293
37297
37299
37301
37306
37310
37313
37316
37321
37346
37358
37361
37374
37392
37410
37440
37440
37456
37481
37485
37487
37487
37494
37499
37512
37514
37540
37541
37546
37556
37582
37588
37597
37599
37601
37601
37604
37610
37621
37621
37630
37633
37651
37675
37691
37722
37722
37724
37767
37770
37777
37778
37780
37781
37790
37791
37793
37809
37817
37818
37821
37825
37842
37846
37852
37862
37866
37870
37896
37897
37909
37912
37915
37924
37929
37938
37941
37967
37975
37990
37996
37999
38001
38007
38010
38011
38020
38034
38055
38060
38061
38104
38108
38119
38145
38152
38155
38173
38201
38209
38219
38288
38291
38294
38310
38314
38321
38326
38357
38361
38368
38372
38387
38387
38391
38402
38402
38419
38422
38444
38456
38485
38489
38492
38501
38509
38511
38512
38515
38530
38541
38577
38627
38632
38634
38664
38682
38685
38709
38722
38727
38730
38734
38745
38757
38764
38784
38789
38797
38805
38833
38859
38872
38895
38900
38905
38907
38925
38936
38965
38966
38977
39042
39043
39066
39072
39081
39086
39100
39111
39112
39113
39127
39167
39168
39173
39176
39181
39196
39199
39209
39216
39250
39257
39258
39273
39276
39283
39294
39305
39338
39356
39357
39367
39392
39429
39441
39444
39444
39444
39456
39459
39467
39486
39489
39496
39519
39525
39562
39565
39573
39576
39627
39663
39695
39711
39715
39737
39741
39765
39778
39791
39797
39852
39859
39877
39889
39894
39900
39904
39911
39915
39917
39933
39935
39943
39951
39954
39959
39968
39972
39984
39993
40000
40015
40016
40018
40027
40028
40060
40067
40111
40112
40114
40126
40129
40129
40143
40147
40148
40161
40181
40185
40194
40198
40210
40229
40233
40254
40256
40262
40280
40294
40300
40316
40320
40322
40324
40336
40348
40357
40374
40390
40415
40438
40444
40446
40485
40491
40495
40497
40511
40516
40532
40543
40548
40570
40573
40582
40592
40596
40622
40632
40635
40646
40648
40653
40665
40676
40678
40682
40686
40712
40717
40723
40728
40733
40734
40752
40788
40795
40795
40796
40818
40835
40835
40844
40859
40867
40873
40886
40891
40894
40902
40904
40919
40927
40928
40941
40942
40968
40981
40992
41021
41021
41073
41087
41156
41156
41157
41166
41181
41227
41237
41239
41279
41295
41305
41306
41317
41345
41349
41374
41395
41405
41405
41407
41456
41470
41493
41503
41506
41516
41518
41533
41535
41547
41547
41554
41554
41572
41587
41598
41610
41618
41621
41644
41657
41661
41665
41666
41679
41681
41710
41721
41737
41753
41758
41764
41764
41770
41807
41825
41832
41834
41871
41872
41882
41886
41897
41913
41918
41930
41937
41939
41941
41952
41965
41965
41977
41984
42001
42026
42034
42038
42042
42073
42088
42111
42126
42129
42143
42161
42167
42167
42171
42189
42204
42204
42224
42231
42238
42258
42282
42288
42296
42316
42316
42342
42343
42349
42359
42366
42371
42376
42382
42397
42436
42463
42520
42527
42552
42570
42584
42587
42605
42607
42620
42655
42674
42683
42695
42722
42726
42726
42728
42731
42735
42737
42749
42774
42801
42816
42828
42834
42856
42873
42878
42917
42944
42954
42980
42981
43005
43011
43013
43016
43027
43031
43040
43047
43047
43047
43052
43054
43061
43062
43070
43083
43084
43087
43096
43124
43148
43165
43170
43171
43221
43227
43236
43236
43236
43262
43264
43281
43283
43297
43332
43344
43358
43393
43396
43404
43408
43430
43470
43471
43493
43499
43500
43506
43531
43535
43542
43543
43559
43580
43581
43581
43582
43609
43615
43618
43622
43628
43640
43640
43643
43648
43698
43704
43707
43715
43741
43742
43751
43782
43794
43813
43831
43874
43883
43887
43926
43934
43937
43948
43950
43976
43988
44009
44027
44029
44030
44035
44040
44058
44087
44094
44098
44104
44147
44152
44154
44168
44172
44182
44191
44211
44218
44226
44234
44238
44238
44261
44264
44289
44292
44307
44315
44370
44404
44406
44409
44424
44428
44429
44438
44439
44440
44449
44456
44470
44470
44480
44539
44557
44558
44565
44565
44577
44580
44599
44627
44628
44630
44633
44643
44644
44661
44687
44695
44703
44734
44735
44740
44756
44760
44771
44780
44795
44813
44823
44831
44844
44852
44854
44859
44937
44939
44945
44993
45024
45034
45036
45054
45060
45064
45071
45078
45104
45114
45123
45141
45145
45148
45161
45163
45165
45168
45175
45175
45181
45184
45191
45201
45211
45230
45270
45279
45289
45306
45307
45331
45350
45353
45354
45365
45383
45396
45397
45419
45436
45444
45452
45459
45478
45494
45499
45502
45502
45512
45533
45535
45537
45568
45570
45588
45595
45598
45608
45613
45631
45649
45655
45659
45670
45675
45684
45684
45704
45714
45734
45744
45753
45755
45780
45788
45796
45797
45804
45816
45819
45828
45834
45834
45838
45840
45850
45851
45853
45856
45865
45866
45870
45897
45909
45917
45928
45945
45972
45986
45987
46003
46051
46070
46095
46148
46163
46164
46170
46178
46192
46194
46204
46220
46251
46258
46267
46270
46316
46318
46341
46344
46378
46379
46392
46393
46405
46431
46441
46447
46451
46453
46457
46468
46469
46470
46492
46499
46502
46514
46519
46544
46546
46550
46552
46575
46576
46577
46601
46625
46646
46660
46723
46734
46747
46758
46761
46774
46775
46798
46798
46815
46829
46830
46831
46833
46835
46842
46845
46852
46868
46878
46916
46925
46927
46930
46935
46948
46948
46953
46961
46965
47019
47021
47021
47041
47042
47052
47053
47064
47071
47096
47097
47099
47104
47115
47123
47143
47147
47158
47164
47166
47176
47182
47186
47187
47193
47208
47219
47234
47248
47256
47263
47268
47273
47285
47293
47293
47300
47301
47303
47309
47315
47320
47323
47333
47335
47354
47358
47359
47363
47377
47384
47388
47391
47412
47419
47425
47429
47439
47446
47450
47496
47505
47511
47516
47530
47539
47553
47561
47570
47579
47600
47608
47625
47634
47638
47642
47645
47651
47657
47669
47693
47697
47710
47712
47719
47719
47726
47739
47749
47750
47752
47756
47763
47767
47774
47774
47776
47820
47821
47828
47830
47835
47863
47883
47930
47943
47960
47965
47993
48011
48023
48027
48034
48038
48042
48051
48056
48056
48091
48097
48098
48099
48107
48110
48118
48127
48133
48140
48156
48181
48193
48193
48214
48216
48230
48288
48294
48303
48312
48318
48341
48342
48350
48361
48372
48378
48388
48411
48426
48428
48433
48448
48456
48460
48464
48475
48481
48495
48498
48501
48501
48532
48534
48542
48544
48567
48584
48589
48592
48611
48619
48658
48665
48669
48671
48696
48706
48721
48722
48731
48744
48751
48757
48764
48766
48769
48774
48817
48853
48870
48877
48898
48903
48921
48924
48955
48965
48987
49004
49011
49021
49023
49100
49101
49103
49138
49145
49153
49160
49167
49178
49185
49197
49198
49198
49229
49236
49244
49250
49251
49254
49263
49269
49273
49276
49304
49335
49344
49359
49370
49385
49403
49404
49412
49417
49490
49498
49519
49558
49559
49576
49578
49586
49589
49592
49606
49640
49641
49664
49683
49691
49695
49714
49717
49719
49720
49724
49735
49737
49739
49744
49761
49788
49799
49825
49832
49835
49838
49849
49866
49867
49873
49879
49883
49929
49931
49931
49946
49968
49973
49985
50041
50044
50076
50077
50079
50118
50126
50133
50163
50164
50175
50182
50194
50199
50206
50241
50243
50265
50268
50276
50289
50301
50302
50324
50351
50351
50357
50367
50379
50381
50401
50412
50429
50441
50443
50451
50454
50481
50489
50498
50514
50516
50524
50527
50532
50550
50574
50575
50577
50600
50602
50610
50624
50625
50660
50672
50698
50703
50714
50715
50723
50740
50741
50749
50753
50766
50770
50777
50779
50788
50790
50795
50805
50810
50826
50851
50865
50867
50869
50881
50890
50892
50906
50907
50915
50932
50933
50950
50951
50957
50960
50962
50976
50977
50999
51004
51008
51011
51018
51023
51044
51049
51066
51069
51075
51082
51088
51096
51118
51121
51127
51142
51150
51155
51171
51173
51176
51197
51202
51210
51221
51222
51226
51230
51233
51258
51271
51299
51308
51318
51330
51333
51363
51367
51369
51375
51378
51386
51393
51393
51394
51420
51469
51474
51478
51496
51498
51503
51512
51567
51595
51597
51612
51626
51636
51648
51662
51664
51688
51688
51692
51726
51739
51743
51760
51802
51813
51827
51831
51832
51838
51856
51857
51860
51885
51891
51910
51915
51918
51942
51969
51970
51981
52006
52010
52038
52048
52055
52072
52079
52099
52114
52133
52158
52177
52178
52179
52192
52230
52231
52252
52262
52263
52277
52285
52288
52294
52306
52347
52360
52361
52365
52380
52390
52395
52404
52413
52417
52447
52476
52491
52502
52534
52541
52541
52556
52560
52562
52564
52566
52587
52588
52593
52595
52597
52606
52613
52615
52622
52650
52656
52663
52671
52674
52676
52696
52710
52730
52730
52738
52752
52775
52777
52778
52787
52792
52798
52799
52824
52843
52865
52866
52873
52888
52897
52902
52919
52920
52949
52963
52968
52976
52982
53006
53018
53019
53020
53043
53063
53068
53074
53079
53105
53131
53137
53141
53141
53159
53201
53208
53210
53237
53256
53276
53285
53319
53328
53329
53329
53336
53357
53362
53363
53383
53394
53397
53399
53420
53422
53441
53441
53448
53456
53459
53460
53465
53480
53489
53519
53560
53575
53578
53588
53589
53629
53641
53656
53662
53685
53690
53713
53721
53722
53735
53761
53780
53783
53787
53796
53808
53815
53817
53819
53830
53851
53863
53876
53893
53905
53906
53937
53953
53978
53984
53990
54011
54021
54038
54038
54065
54074
54082
54083
54087
54099
54112
54134
54186
54189
54190
54210
54224
54232
54245
54250
54254
54270
54276
54284
54300
54361
54362
54394
54401
54430
54438
54446
54446
54474
54494
54495
54518
54528
54555
54563
54567
54573
54587
54592
54605
54609
54612
54661
54665
54670
54696
54698
54707
54718
54720
54749
54763
54805
54811
54815
54815
54824
54842
54842
54854
54860
54909
54934
54938
54944
54948
54955
54995
55001
55006
55007
55075
55110
55126
55129
55131
55138
55153
55162
55168
55170
55170
55172
55175
55177
55181
55200
55209
55218
55223
55255
55259
55260
55261
55261
55265
55268
55288
55296
55329
55364
55373
55379
55415
55416
55418
55418
55420
55425
55432
55433
55437
55450
55455
55456
55471
55490
55496
55513
55522
55525
55526
55533
55541
55554
55560
55563
55567
55569
55570
55573
55587
55638
55642
55649
55678
55699
55700
55720
55740
55744
55769
55799
55801
55802
55802
55803
55807
55808
55841
55848
55883
55884
55899
55910
55915
55917
55969
55989
55999
56040
56047
56082
56087
56089
56100
56101
56105
56105
56108
56151
56152
56167
56208
56209
56226
56234
56246
56249
56263
56267
56302
56313
56327
56343
56348
56359
56359
56363
56364
56369
56388
56412
56417
56433
56435
56446
56461
56464
56473
56477
56487
56488
56510
56516
56520
56531
56552
56558
56578
56578
56620
56626
56633
56635
56635
56639
56645
56646
56652
56678
56679
56684
56696
56702
56703
56711
56718
56723
56735
56743
56768
56780
56787
56794
56803
56824
56828
56838
56841
56842
56847
56859
56890
56903
56911
56961
56970
56976
56983
56996
57012
57012
57020
57037
57046
57054
57066
57095
57096
57109
57112
57113
57123
57136
57137
57141
57142
57142
57143
57144
57150
57155
57156
57162
57176
57186
57191
57217
57221
57223
57229
57268
57278
57289
57289
57301
57308
57313
57355
57362
57375
57407
57422
57422
57432
57439
57441
57441
57459
57459
57469
57475
57483
57489
57503
57504
57528
57529
57540
57544
57545
57548
57556
57557
57562
57581
57585
57586
57587
57588
57591
57598
57602
57604
57610
57611
57618
57620
57641
57648
57653
57661
57662
57667
57672
57672
57699
57708
57725
57729
57755
57757
57762
57784
57790
57790
57801
57823
57825
57838
57846
57846
57852
57866
57869
57873
57876
57926
57932
57942
57958
57965
58017
58022
58044
58049
58065
58071
58089
58090
58106
58152
58160
58167
58198
58220
58220
58240
58243
58245
58313
58318
58321
58352
58352
58363
58364
58369
58371
58391
58404
58406
58424
58429
58442
58446
58452
58457
58477
58486
58498
58501
58503
58505
58510
58511
58511
58529
58540
58543
58545
58552
58558
58561
58581
58582
58608
58612
58632
58641
58645
58661
58670
58677
58687
58690
58696
58698
58708
58758
58763
58777
58787
58826
58828
58841
58842
58861
58868
58868
58879
58880
58909
58911
58924
58933
58942
58942
58944
58981
58988
59002
59008
59014
59029
59049
59064
59067
59074
59078
59089
59106
59109
59111
59114
59118
59129
59155
59160
59166
59169
59173
59184
59191
59195
59205
59214
59231
59243
59291
59302
59304
59314
59333
59338
59339
59342
59358
59363
59365
59376
59391
59393
59412
59422
59422
59432
59444
59458
59459
59471
59471
59489
59522
59540
59541
59544
59545
59564
59583
59585
59598
59603
59603
59605
59609
59624
59625
59641
59643
59644
59645
59656
59674
59684
59686
59692
59694
59704
59708
59715
59720
59728
59732
59733
59737
59743
59764
59791
59796
59798
59815
59821
59829
59837
59838
59838
59842
59860
59867
59870
59907
59909
59911
59946
59952
59965
59982
60005
60021
60027
60050
60052
60064
60069
60071
60074
60076
60084
60098
60110
60148
60150
60154
60158
60190
60201
60209
60218
60218
60221
60237
60240
60241
60248
60268
60279
60310
60317
60317
60337
60337
60361
60374
60390
60402
60404
60410
60421
60424
60425
60426
60442
60455
60475
60475
60475
60487
60491
60497
60507
60509
60510
60522
60542
60597
60607
60610
60614
60622
60627
60634
60651
60657
60660
60681
60681
60702
60717
60734
60795
60810
60820
60826
60828
60830
60833
60838
60841
60843
60864
60878
60894
60907
60910
60915
60946
60947
60955
60967
60971
60974
60993
60994
60995
61003
61017
61025
61026
61034
61057
61060
61062
61079
61097
61113
61123
61129
61166
61171
61182
61191
61208
61229
61229
61240
61244
61249
61252
61265
61277
61277
61277
61320
61324
61344
61352
61362
61373
61395
61402
61429
61461
61466
61473
61501
61511
61512
61523
61576
61591
61611
61612
61637
61650
61650
61656
61657
61668
61682
61691
61696
61703
61710
61715
61721
61726
61759
61774
61777
61779
61791
61844
61849
61851
61856
61858
61880
61883
61906
61908
61928
61928
61971
62003
62012
62013
62024
62029
62048
62052
62056
62057
62072
62087
62097
62107
62125
62135
62140
62141
62144
62153
62182
62182
62184
62186
62188
62192
62197
62245
62256
62256
62257
62264
62264
62273
62274
62274
62279
62305
62347
62395
62416
62442
62443
62452
62455
62456
62477
62486
62504
62508
62508
62508
62514
62529
62540
62541
62557
62561
62564
62587
62592
62604
62605
62620
62623
62661
62692
62745
62748
62749
62787
62795
62800
62801
62819
62826
62852
62853
62884
62885
62887
62911
62919
62927
62944
62948
62971
62976
63007
63023
63027
63036
63043
63044
63064
63072
63073
63090
63094
63107
63119
63136
63153
63159
63170
63190
63223
63227
63249
63274
63296
63303
63309
63310
63316
63317
63317
63327
63328
63329
63339
63347
63375
63376
63401
63401
63405
63409
63412
63418
63426
63428
63435
63436
63450
63455
63495
63505
63511
63516
63523
63554
63554
63558
63564
63569
63592
63613
63620
63621
63637
63638
63696
63710
63710
63712
63727
63731
63741
63750
63757
63758
63790
63818
63820
63822
63845
63873
63885
63899
63908
63922
63923
63928
63947
63949
63952
63961
63979
63979
63985
63990
63990
63995
64008
64010
64013
64018
64058
64060
64065
64078
64088
64095
64095
64107
64121
64132
64155
64191
64193
64213
64232
64232
64243
64252
64253
64293
64300
64302
64304
64307
64318
64326
64344
64344
64357
64397
64398
64398
64418
64444
64450
64459
64459
64488
64507
64508
64509
64516
64526
64532
64538
64547
64563
64577
64582
64592
64593
64620
64626
64657
64662
64667
64678
64680
64710
64720
64725
64726
64738
64741
64751
64758
64762
64774
64790
64790
64791
64793
64858
64870
64876
64887
64892
64921
64952
64970
64975
64979
64993
65008
65013
65016
65024
65085
65087
65107
65120
65135
65141
65151
65157
65159
65173
65179
65194
65197
65226
65227
65251
65271
65276
65293
65293
65323
65331
65336
65337
65355
65361
65364
65369
65383
65384
65385
65385
65397
65434
65436
65442
65452
65456
65484
65495
65506
65523
65530
65541
65556
65557
65568
65577
65579
65582
65584
65615
65632
65648
65674
65676
65678
65678
65685
65693
65709
65710
65714
65720
65728
65731
65744
65755
65762
65763
65770
65771
65774
65776
65785
65793
65796
65801
65829
65849
65850
65858
65875
65881
65881
65889
65902
65903
65918
65924
65948
65955
65968
65987
66001
66021
66021
66029
66037
66063
66072
66116
66171
66189
66215
66238
66248
66264
66266
66267
66268
66291
66295
66308
66322
66323
66331
66335
66376
66377
66386
66393
66405
66451
66454
66456
66459
66482
66490
66507
66532
66556
66557
66579
66604
66618
66620
66643
66651
66685
66714
66715
66723
66764
66770
66772
66778
66802
66808
66838
66842
66847
66851
66864
66875
66886
66887
66888
66889
66906
66908
66914
66931
66934
66948
66950
66955
66962
66963
66970
66978
66985
67013
67015
67041
67062
67071
67100
67131
67142
67167
67189
67195
67197
67211
67216
67221
67223
67228
67236
67262
67262
67285
67303
67315
67333
67375
67377
67404
67404
67409
67418
67420
67421
67441
67445
67458
67474
67481
67482
67511
67511
67517
67519
67520
67524
67535
67553
67558
67578
67581
67600
67616
67638
67666
67673
67676
67710
67725
67735
67745
67768
67770
67790
67798
67799
67812
67838
67844
67846
67865
67866
67870
67880
67907
67909
67923
67939
67947
67951
67995
68002
68006
68007
68013
68016
68020
68021
68042
68066
68077
68082
68086
68119
68120
68127
68130
68138
68149
68155
68172
68196
68212
68231
68236
68255
68258
68273
68282
68282
68303
68311
68316
68327
68334
68336
68341
68350
68365
68378
68382
68388
68391
68395
68398
68411
68419
68437
68438
68446
68450
68456
68470
68483
68506
68507
68509
68525
68525
68536
68551
68566
68571
68584
68588
68593
68596
68611
68623
68627
68639
68641
68680
68692
68693
68698
68706
68720
68748
68752
68759
68776
68782
68785
68837
68841
68841
68863
68872
68874
68879
68896
68898
68949
68951
68964
68977
68978
69015
69025
69027
69032
69038
69070
69073
69092
69110
69117
69118
69119
69123
69143
69159
69162
69170
69172
69199
69204
69213
69230
69251
69262
69282
69304
69326
69329
69333
69339
69357
69362
69363
69368
69398
69419
69420
69431
69480
69484
69491
69510
69515
69519
69540
69542
69556
69560
69580
69584
69585
69587
69620
69630
69633
69650
69669
69690
69696
69706
69716
69718
69727
69729
69742
69748
69755
69761
69762
69769
69770
69772
69779
69784
69785
69788
69791
69820
69823
69856
69864
69866
69889
69896
69897
69902
69909
69923
69925
69927
69938
69973
69978
69999
70002
70003
70006
70023
70046
70056
70076
70078
70098
70101
70108
70115
70117
70136
70153
70166
70174
70200
70213
70261
70274
70297
70331
70353
70357
70374
70385
70391
70394
70398
70409
70435
70439
70446
70451
70458
70475
70476
70481
70493
70497
70503
70514
70520
70545
70550
70550
70552
70557
70561
70590
70612
70642
70650
70663
70682
70694
70719
70729
70772
70795
70815
70829
70839
70844
70853
70856
70866
70866
70867
70871
70884
70886
70898
70907
70927
70936
70957
70964
70966
70984
70995
71019
71021
71026
71035
71036
71044
71055
71080
71087
71106
71113
71113
71114
71114
71116
71125
71126
71131
71137
71139
71169
71179
71187
71188
71189
71240
71243
71255
71257
71265
71267
71271
71277
71293
71313
71330
71384
71388
71395
71399
71417
71453
71481
71517
71526
71548
71556
71588
71594
71602
71616
71640
71642
71647
71663
71675
71677
71697
71699
71703
71715
71727
71743
71758
71762
71778
71784
71790
71824
71840
71880
71888
71894
71900
71901
71915
71942
71951
71958
71958
71961
71993
71996
72004
72029
72043
72052
72067
72068
72068
72074
72089
72103
72125
72137
72141
72146
72169
72178
72191
72216
72225
72235
72248
72259
72270
72280
72323
72340
72356
72365
72371
72415
72435
72450
72455
72484
72490
72494
72494
72496
72522
72553
72602
72611
72676
72707
72712
72716
72717
72736
72739
72747
72748
72760
72774
72778
72792
72793
72796
72806
72821
72828
72843
72844
72854
72866
72866
72871
72881
72890
72891
72893
72914
72921
72935
72947
72977
72991
72992
72997
73000
73011
73032
73037
73059
73064
73067
73068
73095
73102
73112
73119
73125
73128
73129
73137
73143
73151
73155
73157
73158
73166
73176
73179
73181
73189
73190
73217
73225
73251
73264
73265
73278
73279
73288
73304
73306
73317
73319
73320
73327
73334
73348
73351
73356
73356
73368
73382
73397
73403
73409
73413
73434
73441
73466
73496
73514
73516
73522
73553
73557
73588
73597
73633
73634
73647
73659
73707
73715
73724
73739
73743
73749
73772
73816
73821
73834
73846
73849
73893
73923
73926
73935
73943
73947
73953
73958
73961
73962
73965
73995
73996
73999
74009
74022
74025
74033
74055
74056
74067
74075
74082
74083
74087
74098
74101
74107
74123
74128
74133
74149
74152
74163
74181
74191
74191
74194
74217
74222
74229
74252
74262
74263
74269
74275
74304
74308
74323
74329
74333
74333
74348
74365
74372
74380
74383
74384
74389
74391
74394
74414
74415
74432
74457
74458
74467
74471
74482
74495
74499
74504
74506
74515
74546
74556
74558
74574
74605
74624
74628
74645
74647
74649
74667
74675
74676
74692
74710
74715
74754
74757
74777
74779
74780
74785
74795
74817
74824
74830
74856
74856
74858
74870
74911
74911
74912
74933
74938
74943
74951
74964
74985
74987
75000
75010
75037
75037
75045
75046
75048
75062
75071
75085
75093
75096
75101
75104
75114
75116
75128
75132
75133
75141
75145
75158
75163
75228
75239
75242
75247
75257
75275
75280
75300
75306
75314
75320
75337
75348
75387
75387
75407
75422
75442
75445
75453
75461
75463
75473
75501
75503
75518
75537
75551
75561
75568
75587
75617
75623
75628
75647
75653
75662
75668
75678
75723
75729
75758
75772
75773
75776
75796
75811
75827
75844
75890
75903
75913
75921
75922
75929
75948
75965
75965
76009
76058
76096
76097
76098
76099
76115
76132
76134
76136
76139
76149
76171
76171
76176
76186
76220
76242
76248
76270
76304
76309
76338
76378
76400
76405
76407
76409
76411
76421
76422
76448
76457
76461
76477
76489
76502
76517
76536
76550
76553
76564
76566
76586
76589
76591
76600
76603
76632
76634
76642
76651
76678
76680
76690
76693
76701
76719
76745
76748
76762
76762
76777
76786
76796
76810
76833
76848
76850
76864
76874
76895
76900
76902
76909
76909
76931
76933
76949
76952
76964
76969
77019
77023
77023
77024
77037
77056
77060
77073
77078
77080
77081
77092
77098
77099
77106
77121
77135
77145
77157
77160
77160
77163
77181
77196
77209
77230
77233
77256
77258
77265
77287
77295
77340
77353
77356
77358
77360
77371
77373
77389
77391
77402
77405
77409
77416
77420
77422
77433
77454
77460
77508
77535
77544
77551
77559
77564
77566
77587
77599
77601
77629
77630
77633
77635
77636
77647
77648
77652
77658
77665
77666
77669
77690
77706
77713
77714
77719
77745
77748
77781
77786
77794
77808
77813
77823
77846
77846
77847
77852
77854
77863
77877
77887
77889
77891
77910
77914
77918
77933
77935
77937
77941
77974
77984
78003
78009
78028
78033
78035
78035
78050
78067
78108
78115
78130
78140
78142
78168
78193
78205
78211
78230
78234
78252
78259
78260
78275
78288
78298
78298
78311
78314
78315
78321
78376
78377
78379
78381
78383
78385
78391
78397
78398
78405
78408
78412
78414
78420
78436
78457
78468
78481
78486
78503
78508
78518
78527
78541
78566
78598
78619
78628
78640
78640
78658
78672
78674
78675
78676
78686
78704
78713
78716
78719
78758
78767
78778
78783
78790
78792
78812
78850
78878
78880
78897
78907
78915
78922
78945
78953
78955
78960
78994
79013
79064
79070
79085
79086
79088
79088
79094
79109
79110
79125
79129
79133
79169
79202
79218
79260
79260
79265
79280
79287
79296
79299
79300
79315
79332
79339
79343
79346
79357
79365
79365
79378
79395
79425
79427
79437
79451
79477
79488
79494
79497
79499
79538
79563
79590
79595
79613
79627
79644
79644
79651
79658
79687
79703
79712
79735
79754
79767
79774
79780
79788
79800
79812
79846
79852
79865
79906
79926
79964
79982
79987
79988
79997
80016
80025
80063
80067
80077
80096
80134
80136
80149
80150
80161
80164
80181
80184
80213
80213
80215
80215
80221
80222
80237
80264
80276
80277
80299
80302
80302
80310
80317
80328
80330
80348
80357
80371
80391
80394
80396
80410
80418
80444
80456
80470
80479
80508
80537
80537
80539
80547
80547
80557
80573
80573
80583
80603
80608
80616
80629
80634
80661
80667
80671
80682
80685
80686
80690
80695
80701
80702
80707
80711
80712
80725
80742
80744
80749
80749
80758
80780
80791
80802
80831
80872
80884
80885
80895
80917
80925
80926
80930
80934
80942
80942
80951
80972
80973
80982
80990
80994
80999
80999
81012
81015
81019
81026
81037
81039
81043
81060
81065
81066
81076
81083
81091
81094
81104
81113
81114
81151
81158
81166
81169
81169
81170
81210
81221
81224
81242
81263
81264
81278
81302
81310
81317
81325
81360
81378
81386
81424
81442
81447
81451
81452
81459
81498
81518
81522
81525
81533
81538
81541
81542
81542
81552
81558
81564
81574
81575
81581
81585
81616
81624
81650
81665
81667
81672
81673
81683
81717
81745
81758
81772
81783
81854
81863
81873
81882
81894
81901
81904
81913
81913
81929
81944
81972
81996
81998
82005
82009
82022
82022
82050
82051
82059
82074
82084
82087
82087
82099
82108
82112
82126
82132
82144
82144
82148
82148
82156
82158
82158
82159
82162
82164
82167
82175
82183
82185
82196
82198
82220
82254
82263
82273
82287
82287
82290
82301
82304
82312
82317
82322
82327
82346
82350
82358
82374
82380
82390
82398
82400
82400
82405
82410
82454
82458
82458
82461
82476
82494
82504
82512
82514
82530
82533
82536
82553
82557
82594
82616
82620
82625
82631
82636
82651
82696
82701
82704
82705
82716
82727
82738
82745
82748
82796
82797
82820
82843
82853
82870
82908
82923
82932
82936
82946
82948
82953
82964
82965
82968
82983
83003
83015
83018
83031
83064
83072
83077
83077
83080
83083
83099
83132
83137
83162
83167
83170
83171
83177
83180
83206
83219
83222
83224
83231
83252
83262
83266
83271
83278
83284
83295
83312
83318
83321
83326
83333
83339
83339
83352
83359
83367
83380
83384
83385
83386
83389
83397
83439
83448
83449
83451
83451
83463
83464
83467
83472
83494
83501
83526
83536
83547
83551
83560
83571
83574
83576
83576
83611
83617
83617
83624
83647
83664
83689
83691
83699
83715
83726
83754
83755
83767
83768
83777
83792
83798
83837
83853
83872
83902
83916
83943
83957
83959
83964
83984
84009
84010
84030
84043
84049
84054
84059
84069
84070
84087
84117
84144
84144
84149
84152
84161
84163
84172
84189
84201
84207
84210
84226
84229
84242
84251
84254
84276
84295
84309
84318
84340
84347
84349
84354
84366
84426
84458
84465
84469
84472
84531
84537
84596
84598
84602
84613
84648
84654
84655
84660
84669
84673
84691
84704
84705
84708
84715
84720
84724
84726
84732
84749
84759
84760
84777
84782
84795
84803
84817
84824
84829
84856
84880
84897
84908
84918
84927
84976
84994
84998
85012
85020
85028
85036
85075
85090
85106
85125
85129
85147
85157
85165
85172
85208
85208
85210
85229
85234
85245
85248
85249
85264
85303
85309
85309
85326
85338
85340
85346
85392
85400
85408
85413
85425
85429
85434
85452
85461
85489
85492
85493
85507
85511
85516
85533
85534
85545
85582
85585
85590
85591
85596
85596
85602
85653
85655
85665
85688
85696
85720
85721
85726
85730
85733
85755
85756
85759
85762
85763
85768
85774
85778
85816
85830
85839
85845
85859
85865
85871
85874
85875
85876
85896
85905
85907
85913
85952
85957
85957
85961
85978
85985
85986
85995
86002
86047
86052
86053
86053
86054
86065
86090
86101
86119
86127
86135
86137
86146
86168
86170
86189
86200
86204
86224
86225
86254
86281
86290
86290
86293
86295
86304
86307
86310
86314
86317
86339
86344
86348
86348
86352
86373
86374
86375
86397
86420
86421
86426
86426
86435
86442
86448
86468
86469
86470
86473
86487
86500
86500
86502
86519
86533
86541
86549
86561
86562
86565
86587
86593
86597
86667
86672
86679
86683
86707
86709
86714
86722
86725
86742
86750
86790
86804
86831
86836
86841
86846
86865
86865
86893
86898
86904
86912
86916
86918
86921
86924
86936
86940
86951
86963
86970
86973
86975
86980
86986
87004
87008
87008
87017
87039
87045
87066
87067
87084
87093
87097
87104
87114
87118
87131
87135
87136
87168
87172
87190
87231
87237
87265
87266
87273
87277
87277
87285
87303
87307
87323
87326
87333
87369
87396
87399
87414
87415
87435
87444
87450
87452
87462
87465
87479
87521
87529
87541
87550
87554
87557
87561
87565
87575
87588
87609
87618
87623
87628
87635
87645
87660
87669
87692
87705
87717
87724
87735
87752
87763
87767
87769
87781
87786
87797
87798
87801
87829
87843
87844
87868
87894
87906
87909
87934
87936
87936
87947
87952
87957
87970
87973
87999
88011
88030
88044
88067
88084
88087
88090
88123
88158
88181
88182
88184
88191
88204
88209
88213
88266
88281
88300
88300
88315
88326
88332
88335
88354
88372
88398
88400
88404
88442
88449
88471
88472
88475
88482
88486
88487
88521
88529
88558
88563
88565
88568
88569
88622
88648
88683
88687
88695
88696
88704
88729
88737
88746
88756
88765
88773
88782
88804
88805
88831
88840
88871
88874
88887
88919
88923
88925
88930
88967
88968
88988
89009
89029
89036
89056
89061
89062
89074
89080
89084
89094
89094
89102
89113
89115
89126
89137
89154
89165
89167
89169
89172
89201
89207
89212
89213
89214
89255
89276
89282
89284
89291
89308
89315
89318
89318
89334
89340
89344
89370
89371
89382
89400
89401
89421
89422
89441
89457
89459
89499
89508
89515
89534
89559
89562
89564
89580
89581
89585
89592
89597
89597
89599
89600
89630
89634
89639
89647
89648
89658
89661
89691
89692
89695
89696
89725
89729
89736
89777
89808
89816
89816
89817
89817
89821
89862
89866
89871
89873
89977
89987
89993
90009
90018
90042
90045
90057
90062
90064
90067
90083
90092
90093
90093
90103
90109
90111
90122
90131
90137
90142
90150
90166
90169
90171
90197
90226
90243
90245
90249
90258
90259
90260
90271
90276
90288
90288
90347
90358
90359
90363
90382
90386
90404
90419
90422
90444
90489
90496
90509
90509
90532
90558
90581
90637
90638
90640
90642
90657
90673
90678
90679
90682
90698
90699
90714
90719
90742
90759
90765
90776
90776
90779
90789
90804
90811
90818
90818
90828
90834
90857
90859
90862
90871
90879
90883
90893
90895
90899
90899
90904
90910
90913
90913
90914
90923
90926
90929
90933
90936
90951
90954
90960
90964
90968
90972
90977
90998
91025
91034
91034
91037
91053
91058
91058
91062
91064
91069
91101
91115
91116
91125
91153
91170
91172
91195
91230
91231
91237
91258
91268
91269
91296
91318
91334
91339
91344
91347
91371
91407
91428
91435
91445
91465
91466
91470
91487
91520
91549
91549
91553
91577
91577
91583
91593
91609
91644
91645
91651
91658
91666
91673
91685
91711
91723
91724
91724
91725
91726
91733
91756
91757
91768
91794
91803
91820
91825
91826
91848
91865
91866
91866
91872
91881
91884
91897
91918
91926
91935
91957
91962
91964
91976
91981
91984
91989
91989
91997
92019
92021
92049
92049
92060
92079
92083
92087
92093
92114
92126
92142
92153
92176
92180
92210
92211
92219
92232
92237
92237
92249
92252
92253
92268
92274
92276
92306
92331
92338
92345
92353
92354
92355
92357
92368
92375
92381
92391
92393
92399
92401
92405
92418
92422
92454
92493
92497
92498
92501
92513
92517
92522
92536
92537
92558
92559
92584
92591
92608
92625
92636
92638
92646
92659
92665
92689
92710
92710
92732
92738
92741
92766
92767
92771
92807
92823
92848
92863
92893
92911
92916
92921
92926
92945
92953
92959
92973
92974
92985
92986
93011
93019
93023
93028
93069
93081
93089
93090
93093
93093
93094
93096
93107
93113
93135
93139
93145
93158
93160
93204
93214
93232
93233
93239
93241
93250
93277
93280
93283
93295
93300
93304
93325
93333
93336
93355
93379
93389
93399
93455
93464
93485
93486
93494
93505
93511
93514
93521
93529
93529
93551
93560
93565
93566
93571
93571
93571
93580
93597
93641
93643
93656
93656
93659
93663
93671
93677
93691
93693
93706
93713
93718
93722
93731
93755
93757
93794
93809
93809
93817
93836
93838
93844
93846
93857
93866
93872
93900
93911
93926
93938
93974
93996
93998
94010
94011
94033
94040
94046
94091
94095
94100
94130
94132
94156
94160
94165
94170
94180
94185
94201
94208
94213
94219
94220
94222
94223
94229
94242
94249
94310
94311
94315
94316
94325
94330
94340
94360
94382
94384
94392
94438
94452
94456
94478
94498
94535
94536
94540
94556
94556
94556
94561
94570
94575
94591
94598
94599
94601
94604
94606
94613
94621
94627
94667
94688
94691
94692
94692
94737
94754
94762
94771
94779
94785
94817
94817
94825
94828
94851
94852
94861
94869
94872
94874
94901
94913
94919
94924
94933
94955
94957
94965
94984
94994
94997
95009
95025
95027
95034
95036
95038
95039
95039
95052
95055
95065
95071
95086
95093
95099
95106
95126
95134
95141
95163
95173
95188
95193
95199
95205
95206
95216
95217
95236
95238
95241
95271
95274
95288
95292
95301
95344
95359
95372
95382
95384
95389
95395
95412
95424
95437
95439
95454
95457
95465
95470
95480
95482
95497
95498
95529
95535
95552
95560
95569
95574
95581
95586
95603
95606
95619
95619
95628
95638
95649
95656
95678
95705
95706
95710
95725
95730
95735
95751
95780
95780
95795
95805
95809
95828
95854
95861
95865
95921
95926
95932
95933
95971
95988
95988
95991
95994
96044
96054
96064
96085
96087
96092
96101
96108
96113
96133
96186
96189
96207
96210
96217
96227
96236
96239
96240
96243
96247
96252
96252
96256
96259
96282
96291
96295
96347
96353
96358
96364
96364
96404
96411
96412
96428
96438
96442
96460
96474
96474
96476
96479
96486
96490
96525
96562
96613
96616
96637
96666
96672
96687
96688
96689
96697
96708
96748
96751
96763
96768
96776
96780
96805
96814
96814
96828
96836
96859
96866
96884
96905
96912
96918
96929
96942
96964
96983
96996
96997
97002
97011
97062
97078
97090
97101
97109
97114
97161
97164
97178
97184
97186
97193
97195
97196
97213
97230
97249
97271
97298
97304
97306
97306
97319
97348
97353
97360
97364
97365
97373
97383
97398
97420
97434
97436
97451
97467
97487
97499
97502
97510
97524
97526
97534
97540
97543
97555
97559
97567
97569
97582
97601
97601
97602
97603
97622
97630
97642
97646
97647
97658
97675
97679
97685
97697
97711
97714
97722
97730
97739
97750
97755
97771
97778
97812
97824
97825
97834
97859
97888
97892
97897
97898
97904
97919
97941
97956
97956
97965
97977
97979
97982
97988
97989
97993
97999
98006
98007
98043
98052
98057
98062
98077
98078
98085
98096
98114
98120
98131
98143
98167
98173
98183
98189
98191
98193
98213
98214
98237
98319
98350
98352
98360
98374
98376
98415
98438
98445
98449
98454
98458
98468
98479
98485
98492
98495
98505
98520
98537
98537
98538
98559
98570
98575
98604
98606
98610
98635
98654
98657
98658
98692
98693
98694
98695
98700
98722
98733
98733
98734
98744
98748
98748
98749
98751
98754
98771
98799
98811
98814
98815
98831
98834
98853
98869
98873
98878
98886
98893
98895
98909
98950
98982
98993
99013
99018
99018
99026
99035
99095
99096
99100
99108
99125
99140
99145
99156
99157
99160
99162
99165
99176
99176
99180
99182
99188
99202
99216
99221
99225
99230
99232
99255
99268
99278
99301
99320
99321
99327
99338
99357
99381
99384
99385
99394
99399
99404
99405
99424
99424
99425
99435
99437
99445
99447
99488
99491
99498
99513
99524
99568
99588
99599
99604
99606
99609
99612
99620
99621
99638
99640
99645
99646
99649
99673
99718
99730
99736
99736
99747
99754
99756
99760
99763
99774
99777
99802
99840
99860
99865
99875
99887
99895
99903
99920
99924
99932
99936
99937
99937
99944
99955
99968
99986
