17072
74263
68949
4443
72496
20082
13307
66764
7532
22369
74222
7590
65678
2291
10506
19707
85871
25404
924
28748
-3350
-8474
93706
87521
47391
89559
1630
-2550
24654
81929
66037
51726
12065
-9141
22043
94561
20942
45350
61324
-5652
77719
-8581
11938
-729
69585
98319
28978
55455
89597
-4224
50077
96247
-2698
43782
83767
10567
99216
51271
18017
23869
33199
49929
85596
55265
50788
7638
49825
37604
18863
77024
41952
62456
34317
19764
71727
3902
83957
66579
69357
73553
72356
85309
25673
79658
94965
75314
56100
94180
26584
84117
18049
69784
99920
69519
90923
6582
43031
-3379
54186
71894
39519
62013
34350
83837
47651
71951
97739
31608
38530
22969
5160
10885
74152
-3292
56417
69117
82022
78391
63296
8606
62508
47219
44264
18301
16737
-8940
34883
69769
-2319
54944
-2464
3075
16956
41886
96912
30481
79712
50524
72089
18241
39367
43124
-5000
13519
49832
17291
92636
31853
-4318
11805
6333
24064
69025
60597
52365
51636
61657
97249
21404
25213
52192
28941
38288
35022
36701
-8927
75503
82287
51597
3466
527
56838
12464
5527
80357
28170
98694
72992
70023
-5625
50672
42231
28439
19696
2827
90804
37206
30359
43926
68611
21446
-3883
63426
25608
-2987
66001
26681
38391
48288
44152
51857
14689
989
30195
96092
91347
68365
94785
20212
38387
99160
80884
46492
27598
66454
15194
84276
3660
11427
28202
38145
42873
-9807
67445
78481
-2793
99320
71036
45598
3481
15187
63329
94046
26176
-6477
90137
83397
71888
40795
3609
76149
-4172
50367
22641
99301
82696
47835
83576
52230
69262
77652
56249
78009
77846
23693
12363
40927
88887
93399
96525
58243
8585
15727
52288
635
85125
-1702
94033
57012
4967
63516
99035
10795
13882
87550
10095
62452
-8742
59545
14681
70520
37197
80930
4402
80917
70497
26765
21843
15258
20163
84242
83501
-5378
-32
-8338
5258
95093
-40
-710
7978
80802
72806
7012
-8404
52562
-5438
77566
15014
-4180
37110
39695
32215
40181
86500
2491
21097
56996
39257
8814
82254
25294
-6945
21628
29917
68898
23290
45175
63990
99125
10339
37842
79926
93145
10729
81522
1580
81166
14961
26594
86986
62072
32164
85075
68127
18663
53441
99225
41533
-7303
8038
23787
93866
76969
55415
23782
45866
44580
34831
9856
43704
55170
13572
23630
4188
34301
71026
15769
15466
95988
8237
68327
13933
50401
9275
92060
79064
72716
47158
20597
31287
21071
10258
25153
-1961
31547
14809
53905
86127
59641
29635
95706
80685
53208
85210
94874
53383
12109
76517
78850
8096
94754
47176
97904
1029
66451
45838
90093
39167
-7005
76564
36328
24066
52696
71481
32105
50118
96291
51885
-7882
11805
91520
97824
58364
601
38907
53237
63985
61017
95628
42834
34987
90382
55884
32891
-8590
88209
88729
47377
93250
91724
89816
29578
81665
-1615
1058
79644
58503
63223
31528
60622
40902
88923
14319
-734
99524
63227
18377
19382
24243
14005
72216
69230
70261
93974
67995
27545
82183
56723
40796
31306
4321
96486
70884
51860
-5129
37817
31503
19248
66914
73032
45744
7816
17828
25938
17082
17351
99165
1333
46734
89282
25338
84824
58511
61473
34672
92381
99018
16854
49103
-4312
58160
19298
-7827
94919
81158
62919
98610
12661
48042
65523
51567
-6215
83339
79395
29723
66295
62620
94762
33503
9353
84043
68841
60052
-1572
96189
-5277
-9192
95206
87452
5785
56768
1485
35084
58942
-3597
16241
87735
-4988
-5224
35776
26410
12217
39562
75623
-8389
35159
41918
64232
29921
41295
39459
13963
10135
65385
88266
6323
70108
89074
67404
13433
-5141
24171
24919
39943
48987
31322
22058
36722
-7791
92710
38372
28619
4926
87934
4241
6538
88968
12033
36644
18888
63328
41977
-1275
39338
7362
52866
11535
43344
41939
44813
66778
46798
34859
-8304
52615
49720
98893
40548
96442
56976
33257
34814
51469
4057
88622
21585
86470
33463
43618
88988
18225
72821
30965
26951
78033
4201
89817
99568
57545
97630
255
90197
302
45114
47767
18791
-5167
46660
69339
57150
69510
68470
57838
20979
38402
2333
52564
24871
45797
62056
13859
74022
-9250
54824
66847
78783
24899
12537
34225
48318
10167
354
38515
86344
11342
96282
5134
82050
-1185
40348
39199
34200
74692
62911
65179
13093
31119
83617
47965
86916
1546
71824
16811
68172
92522
93659
2828
83295
6195
47053
31612
92237
13281
36001
34454
34623
32283
49589
16673
-3028
99937
21746
-2954
74628
50532
72225
97722
91651
11715
1560
78566
89137
39258
-4624
57308
31779
54909
70136
15073
26979
83064
12559
85090
-3656
58561
19544
40968
56718
79133
23515
19564
34943
55261
26611
9570
5792
64710
73166
63317
86426
84726
41882
31436
23983
3133
98744
21636
68042
68879
2583
-4980
51942
25143
90111
14161
49578
9654
21003
6295
54661
54518
35859
99604
75653
28344
75048
47320
-6946
48214
10636
45354
98814
18393
86790
22797
31526
85533
10307
65442
10285
22891
26337
28102
13908
82322
52263
29360
-8025
83266
45655
12510
-6343
47388
12113
35184
85733
97161
48378
44661
1248
24889
-9986
62
9156
86804
98734
6556
28210
9040
81998
48495
-2195
8334
86597
87588
-9345
38859
16947
58505
87999
72602
81015
47530
85865
59002
48589
27471
12037
-3034
82132
23285
97730
38020
33347
6885
90698
32080
23441
18907
51121
5439
77402
14800
89648
19873
2388
46178
24606
29335
70557
12605
67812
7446
26009
9550
76448
84598
47021
98485
47439
95027
21770
45168
33046
20991
17928
23743
63072
51369
8524
80067
22682
95926
-5134
78205
81673
73129
24382
6279
2464
-5062
28884
36150
78259
20767
55700
54707
71240
2720
9065
18678
63621
-3291
29720
62541
27701
57648
52158
-9228
9017
70682
36713
-2427
22481
-2547
85778
4154
80583
10159
20433
48921
80973
15191
95071
59231
1832
50770
79812
83072
19364
98878
1749
92985
61461
41470
55525
99162
-883
73557
55808
84009
44238
-7480
91583
76719
65849
77360
46747
46431
53394
33054
-4649
34366
58245
-9579
59471
70078
7065
39283
9023
36429
-5966
20773
95288
65495
28117
6686
64657
-6892
90243
86339
87118
34480
44734
34574
77073
10582
77808
89695
67013
31201
22748
28238
31441
46868
28659
56787
82820
1598
-3931
-8158
48027
103
22615
-812
31472
16606
15874
62003
19715
6116
48342
72707
6470
-6925
73155
49417
13657
50962
39111
46544
48038
27734
84782
45353
84602
79315
2139
67421
90913
74083
25137
-5187
40060
13627
4001
81533
40233
29875
43535
25822
1865
-8124
-1472
84210
60826
81683
33626
40357
98520
82738
52775
2431
10471
37556
57784
60947
82745
25798
28367
29531
65755
19378
34344
5815
43005
4219
97348
93239
-32
-3244
19060
11833
64508
93464
-3958
25333
31020
-4457
31565
29539
88281
94340
-2156
64626
97771
21503
25572
36389
57301
19813
75921
23055
5065
76139
-5256
58071
90359
-7909
7183
-9674
-1152
-7883
78035
73356
95581
39951
64563
26601
45494
-3873
22014
99649
-9533
29859
20148
54112
61362
55720
-9500
84537
41407
76421
73466
56473
52560
78211
80418
-1208
80302
97601
64993
45024
99718
-1099
84254
51173
48853
48817
43648
60221
10818
75662
59870
77160
71395
90018
31271
32756
1612
31772
83167
8893
74067
56633
31240
92501
34843
11657
-8708
81019
75132
22160
91918
30724
31061
76171
91897
45788
90862
35544
6009
1680
77080
31753
88840
48475
87645
85986
91231
55131
17757
30272
74025
-8177
96905
71139
50199
97622
48671
7365
34514
23802
39525
92306
64526
36461
24351
12296
92249
15212
13714
64132
92767
-9206
61759
37481
49269
49404
23466
-3627
70409
7097
36645
307
74795
99424
81447
24993
52919
30117
42359
97434
19793
91884
45613
50194
94219
79964
28364
86468
-4824
52079
6473
53817
52873
34107
-8703
68016
93511
90638
74389
19793
-2266
76909
30101
82530
32206
77422
73397
95126
73413
15755
48433
-6795
73514
-5955
9273
23606
84010
47638
75948
45060
-284
92422
64751
18463
26528
21923
96479
85913
12560
70867
5705
86170
3649
1680
24573
45856
89102
-2031
40981
62514
89600
55288
65720
18987
59333
40867
52593
-784
98505
28541
54276
64095
20962
19027
92558
13364
50950
89036
65151
29384
15777
36730
15553
95301
48411
50126
41156
37512
13970
48011
26
3569
3298
31620
32556
28506
38361
51023
37722
36866
89564
57873
960
76400
42774
59393
55638
59598
48428
20788
98982
30079
67519
80410
25380
15929
30535
76536
19315
10379
90422
95216
23948
-6281
92710
22378
32225
31071
39276
35822
77937
28839
-6306
44771
71114
46468
4163
26751
6065
18466
57540
5046
58545
90933
51330
49799
72736
91866
92210
-7950
68119
82631
53141
57942
42224
45850
46194
40324
86921
95470
86146
20731
24309
45714
31377
-4578
-7819
1414
32173
8246
29880
55587
89167
54300
46519
40497
69973
85129
98237
62182
43054
22229
686
-3806
90171
8785
7918
36365
59109
-5161
31834
1128
91445
22017
56842
88696
27439
14897
-9890
25487
99018
95865
46948
44058
50164
59342
50429
20137
44470
48665
48193
97524
80895
58880
-6283
26939
77665
11636
73304
-7353
82350
5138
69650
29668
37155
26491
18364
30469
7262
84349
21830
6279
80213
78778
60337
96252
38119
10766
82263
48464
25305
30455
45987
72074
55209
5579
-987
98748
93090
82317
-8606
31313
53329
71044
26855
56359
63409
11093
96828
80671
-4559
18657
52824
85655
63309
13161
37780
67303
99802
20042
15766
25106
60497
27627
-2820
81581
-920
72068
80328
58044
10258
37597
99357
73588
74515
92087
29946
37924
3179
26773
84469
8621
11304
37293
60150
84613
16328
-2071
7789
16129
93846
33555
7109
10216
27057
80164
-8204
36137
52231
37999
-5819
72490
85596
59412
1951
60110
51498
41897
63908
64678
34544
4251
39173
55848
7418
65197
-3666
99621
29000
14124
15749
22845
13553
98733
43061
50610
78897
732
96748
97002
48731
56803
69491
34326
16214
81442
60310
77713
89213
90093
-1736
23756
60218
3311
45478
77636
78508
51813
77256
73382
31811
58879
-3774
55364
57611
5161
5974
36507
15893
68596
99384
74624
25398
68874
74824
51612
6190
-8992
95199
61277
91101
-6538
95034
51318
6773
40511
94828
51155
58198
27957
24536
55883
96836
96637
11247
54446
67673
93096
56828
93566
61691
12085
24064
52963
46833
64762
4574
63023
65770
65648
24300
12744
69110
85208
29936
41758
91593
24763
58787
5665
18594
49198
71548
15429
45834
48669
35750
13506
41764
58452
72947
69329
80537
62885
22291
27369
93521
-7260
56267
59291
68388
46441
37909
-6629
31648
77846
1003
89115
68483
69791
-5221
97078
18988
32202
78381
30696
90871
14130
10077
32635
38456
48898
67838
18992
11782
-9871
12236
5302
-7131
78503
30467
71257
90818
78377
30502
22465
12096
41506
77454
46453
11296
38108
-596
-3842
80310
87786
36854
27054
67790
12805
25563
6246
71703
-6599
-8888
49359
-6470
13348
64662
62274
57725
61003
99405
48542
-4747
29906
36881
17349
37286
14335
29677
58582
18317
39081
20614
-1374
26866
23343
-8446
-5344
46148
27118
76777
83726
30519
77889
33084
99924
57112
63620
62197
80711
24623
17475
29253
29876
13255
76134
13100
60542
56343
52777
84998
84660
-8143
5612
49160
94599
-5171
50715
55129
50977
43707
31905
34702
84226
75668
33661
84149
98654
-2720
2219
79365
97778
95569
8617
93529
8823
50625
6628
79365
72843
25279
20237
13376
93011
35849
28411
87609
40678
89126
42737
57529
32832
40516
58106
82932
82059
57641
22954
80712
64921
-8953
60076
18573
96616
34567
12101
71313
95193
94604
6552
23909
19882
36789
47285
78767
38512
85696
66376
45064
30695
74987
2592
29401
81378
26572
12332
63436
94213
1160
44147
15008
2207
70098
43581
-1178
4664
21556
80136
65731
16159
96688
99640
1915
33476
2799
90682
37862
98495
12931
92926
29190
97919
-4483
24465
79296
97965
46798
42731
48051
57958
52752
73059
70166
22849
82514
34862
37514
4069
80872
69119
30228
77559
68759
42143
76909
81558
98700
14770
35926
11630
7695
75116
9548
79088
65456
54718
32926
12253
-2552
90977
36085
60201
19910
72125
48924
2423
6987
96438
16493
97859
65557
12595
31292
-9811
20613
74075
37621
19312
54720
83547
40942
72415
14537
60491
7376
89993
81083
50302
68120
44406
-2847
4204
70481
27063
42204
19404
39486
59191
81717
21853
12923
47273
44449
10089
3336
75062
94165
50957
60248
4758
-9623
1189
43047
14914
27554
60424
4906
8637
76600
38900
63043
39627
53105
33523
76690
-4692
62927
82051
20373
44643
3903
-830
57790
14226
19260
27000
55162
79299
87957
15409
49931
88335
26599
-7023
69123
20027
63401
39904
38664
-4125
88804
67581
45502
-2218
66978
88067
3090
95780
70117
99338
-3704
39894
-1492
19961
64121
93643
56961
85157
28815
792
566
88746
55001
-6961
91723
24123
23066
10998
29901
27605
82748
18705
61060
28249
26487
28038
16315
-4548
89692
52306
-5211
95988
-7800
69172
15948
22195
18688
38784
7351
57503
49576
83792
2122
70451
86831
59720
-5427
75772
36592
34475
69251
19339
19054
30310
57588
55541
24222
39778
16867
79788
-7917
21657
75776
60158
56703
57598
92353
85392
62256
65579
-1232
77706
49370
10891
48156
36201
36485
52730
77847
83077
53079
47097
2415
38007
43281
25877
59422
33378
31529
86290
13165
99488
73821
54815
59645
30523
78288
7872
15914
40543
83451
24683
18249
32820
1448
76405
34895
3807
95009
12741
96884
3961
25712
65173
7842
78994
-8951
77265
12371
98454
63554
-8590
97941
37374
56226
57585
33771
-9613
31331
59686
-3196
14781
50243
25053
57602
17565
67333
58371
31372
18215
81113
94130
98052
6824
59302
5893
51692
16225
93158
29937
14678
12585
31348
12618
15833
53448
36078
59605
9709
77409
85165
16513
58065
-8719
7441
81541
18846
40648
39911
16092
68863
86898
76096
22788
-6278
35397
38682
11288
17496
97714
51226
-1951
10299
48448
20667
36132
67770
22619
61611
87479
65903
46775
69866
23967
48056
87307
5507
76902
27954
55418
58868
62692
42316
34963
95480
1912
36234
-9965
23200
63731
97750
40300
27654
73923
98748
58321
75929
22391
46815
37540
9869
12717
94315
89736
2558
42371
32916
18065
85147
70871
39357
-111
99437
91673
44852
50790
59459
46961
50826
48534
76566
4449
98834
4219
88372
53456
28414
64300
41721
85229
1839
61591
63820
62029
7200
76378
70274
5990
60317
55420
42735
-326
21183
42171
57221
31910
-7039
16680
88871
53787
31088
65436
68236
29921
35529
12481
49251
73943
42655
-9028
15046
54495
18437
44740
82398
-8489
21118
52671
7501
91435
73965
60237
56983
-4852
68282
14204
37058
71243
-3242
91803
90904
37846
13112
15013
33641
58641
37494
92893
98458
90150
49739
79378
518
34050
24118
92916
-8565
11110
1460
8936
68419
85425
35047
25402
46447
3329
49606
93505
40446
56364
41181
31350
60084
64293
56363
-6276
22933
59732
52491
87266
5755
2229
66643
82148
2153
56635
30937
3588
77745
42397
88400
46164
27821
23446
37440
40143
-7351
52920
33647
43096
75158
84829
40320
35241
4995
62557
38965
37929
22288
-8544
91069
-6083
69560
13585
86065
37588
80221
17001
51176
57965
69398
-4551
70003
63094
94771
73317
3236
97420
26236
2757
-3611
1393
53460
2583
2508
68456
75141
51474
72259
63303
8804
63327
67221
44238
86912
53285
91826
23006
36161
-1124
90972
5558
70200
16848
34526
64970
56040
3636
18264
92276
16394
24653
59544
35728
-6889
72052
4183
78252
89400
42316
41554
64078
71517
74649
74191
58429
93809
21890
47309
29969
30766
-5846
1401
966
21003
45928
31810
42917
59564
60074
35192
41832
50602
60610
87561
53713
98537
57618
31964
87936
-66
39392
7888
81451
14041
92079
-4247
7849
13968
53063
3692
10609
57217
15093
87450
44094
71021
19259
97011
96460
89334
98078
38291
39935
58687
91726
59522
57223
49344
-8515
1033
15152
-3249
18921
62477
86667
10999
68231
60390
34967
87168
74082
11450
258
99176
-1101
10227
26070
28159
73112
88404
83367
71189
26695
23301
95751
84295
92823
8847
99513
50182
85755
80539
12807
70550
43016
-526
91549
77121
69864
92391
20162
-180
3840
30420
64870
12740
6521
-9061
6773
89634
89344
-9861
16696
81913
89315
78321
22081
38011
53043
21594
98193
38797
68007
76874
9347
11022
86348
66770
98143
12086
59160
18304
87781
28875
14599
52650
7489
31120
53589
24262
20753
-1194
90276
3324
90719
79590
91645
78675
17600
44687
268
81667
93485
78275
58540
68706
55172
762
35475
9188
22848
60510
-6633
10628
99385
17966
29152
72748
14960
92741
62884
1588
57422
53159
14912
48140
32748
6556
92689
16222
61244
-7044
-2112
10602
37106
22302
89308
58152
33064
24782
77340
21786
95292
80707
-1712
50550
64547
37440
89172
89508
30181
52055
56970
97603
5213
81882
1616
3835
98438
-5695
95932
15555
63136
59694
-7969
66116
91997
91339
90142
25060
81996
67482
56847
33161
4062
65135
49586
34484
68450
38757
89866
-1370
-9188
46835
62107
71900
94591
29597
41610
93028
99777
37541
74458
18787
-2765
76489
50777
99232
23702
40919
90166
5697
74275
2886
4732
44211
33896
64318
88695
2345
3075
34434
76850
69762
91269
-5170
41661
85859
34427
49145
34761
-9922
96687
75093
18865
59796
7455
35516
14901
41157
86435
5066
12728
16583
17953
93336
70795
61849
57653
59489
74194
26602
59798
6917
-3637
51066
11747
3899
-7201
12048
63044
-6566
12126
15604
78527
-3135
85400
51856
42382
300
-6987
94691
81242
81616
11274
-806
74951
47943
26917
98479
73306
66985
25080
33103
83902
97319
50044
61523
1217
52843
83571
30135
12151
-4303
55740
56552
68437
-2987
8407
76693
73189
77295
71384
54430
58911
48532
19498
99736
-3526
12289
98214
79780
45148
89169
78758
94924
86487
28801
56446
53578
91644
40016
93713
69669
1587
5326
26220
80025
12340
44627
12591
95529
87797
49849
5832
2581
-1620
-8796
2316
70729
13493
66405
6383
68641
55573
95141
63564
-2067
23941
20009
61511
81459
25899
55223
51127
37487
70550
43221
83386
48764
53722
61851
166
41518
11700
81873
54099
20080
83077
22290
56684
-3431
98695
73067
31084
10141
24081
60522
18074
13896
46405
45459
61229
82304
66556
78230
85665
-7021
21450
24924
51743
85172
96776
17783
26690
8475
-345
90789
-5571
92732
78953
61113
55175
77647
-9947
96259
53662
90009
56780
37610
3904
3184
93069
75133
51363
59625
9236
37027
62604
40686
27826
80222
91733
24601
-1996
18422
-1050
7660
75085
3379
66266
54038
30367
21441
97559
96295
83574
51221
86304
-3772
98831
56082
9412
47774
97090
26649
7398
6325
29551
35876
57012
67377
81972
48744
57852
89977
33040
66802
63511
73999
36055
29776
93911
76422
17091
91470
72717
665
-1436
14894
6893
-2606
36850
92180
55168
33939
84704
28440
50265
14254
30191
73151
47505
12162
87769
5356
68013
86683
82158
31523
60681
18212
27174
54592
60509
10139
1935
99100
86679
10499
13993
-6429
83768
60843
51626
38936
60657
36329
33250
76796
16457
73441
49946
73962
51478
-6412
89318
19490
90271
27349
16888
50951
11435
9936
71417
81944
30075
83352
81043
16754
-6150
60910
86200
43493
87628
37825
48303
4158
40028
91553
90954
22359
20868
-3227
-3680
82346
361
51512
67710
-9369
44735
94598
7456
66171
4533
88874
3988
483
28099
50906
27237
97825
77690
13436
41317
21191
17136
99620
35349
23038
91172
26302
11272
77914
98950
83467
16133
-690
34979
93844
-59
45588
44315
17398
77633
14723
72146
47496
25206
244
-1599
62443
-1932
41965
41753
49385
73157
24763
49004
74380
13676
-3950
66557
34948
83964
65506
18414
97
74817
19267
59815
40632
74856
4129
23904
8362
28852
-3951
65858
64058
72169
30133
92375
80237
82099
-9998
95497
55255
90640
374
29634
4315
6424
-3810
49263
56263
71697
33552
22234
2387
62819
92049
53019
-6452
62052
86924
77786
-9096
92973
43643
20836
65141
83777
79086
1252
65875
79088
62623
87004
69727
72997
82512
39917
89422
44577
99180
45684
82148
98606
77918
94535
17299
25840
47553
86722
97892
-9650
64507
54670
49198
8150
85507
80213
57801
64592
91465
23675
-447
54087
76553
79280
92959
59064
19196
82380
69515
84251
93938
51662
38730
27729
2070
66029
63569
59624
8625
17334
15848
83132
82005
75046
57156
67511
55259
14956
97977
46723
4505
-2471
66685
91058
42683
59643
5996
71880
-2104
85511
12004
57708
-6953
60734
95437
5117
92638
14879
30615
1262
-1913
56464
50268
90092
31509
7424
13476
96768
32380
11452
-635
2760
84856
31924
59692
27539
57441
31562
65293
65337
82948
43171
88919
85995
69779
40229
-8889
62416
20982
97602
29552
29069
54065
89821
85036
95574
63119
-1489
48216
61373
85839
13455
74133
70694
55379
33825
64107
12819
75387
95274
44030
14208
38444
32948
202
74098
83177
67189
-7613
4158
64790
31940
43227
18854
87635
28262
80302
50753
-7352
94392
12125
88487
7846
52133
15054
73225
51832
45036
96044
93093
-3817
-4053
7301
44628
38895
17503
18725
22071
94692
21112
-7897
15355
18926
45331
83
72435
39467
90386
89062
-2011
84777
67062
96476
58498
19194
77405
31722
36900
88315
93641
29992
94498
99588
47293
-5001
-5643
30671
89599
26428
91237
76586
28532
6592
-4489
39737
16675
33821
45078
72935
22882
53068
13586
99944
5417
82084
85012
48696
13805
21911
37010
73320
17778
97383
28782
75071
-7619
33139
71616
91981
25441
62853
68566
19847
35319
29951
69584
17868
73772
80537
56678
62529
33604
80264
18346
49021
62347
3358
-2283
42026
-8857
601
81221
18921
-2017
10002
59867
365
53141
31482
58220
44456
60209
26785
74304
61402
22610
43887
45145
62257
24423
1822
24785
23901
47960
53131
82923
10306
22363
46514
18206
89382
12989
-574
8302
20973
85303
34043
97213
-5683
31400
55432
48774
57483
48091
23077
84760
36575
76964
29904
-1169
67262
-2400
99491
57037
55560
52622
39959
31740
40859
52347
59946
30240
75337
25247
4417
62184
10549
4334
15270
80742
45734
80702
29515
69092
94667
62592
53851
31241
-4571
93755
-4053
28565
57229
-4563
95603
12788
13933
-8565
54528
64793
53783
80348
60907
94994
5594
31198
13051
92019
45533
38321
72760
57141
84897
68149
26232
79563
30740
90083
76678
36169
39711
82625
30609
-3061
43937
26211
85602
67870
27646
40129
98537
47303
86352
15318
42296
-8055
56516
21221
49838
67923
69542
88472
25064
54438
56620
17170
99875
97360
73128
32427
99404
78713
80926
30012
85653
24862
22097
27128
-7268
59743
77258
57143
72921
19483
82461
81091
87303
38977
2312
37141
72774
81854
91487
63712
-7834
48107
90883
-7960
1340
64010
34467
66618
42722
15393
62504
94249
6129
94601
21377
8861
10218
64509
31879
93139
49866
14339
74229
37168
63316
86541
84309
36090
68395
75796
65676
70561
89777
56558
28475
-8884
86442
28817
23609
95039
54210
96113
45161
26213
90714
32412
949
931
62795
42828
-5931
12660
67167
78298
59829
30483
20713
11
32447
99108
41681
-1878
25542
31457
20555
19891
98449
72871
58708
22057
67909
78792
18169
78945
5005
74757
11356
15954
85688
84152
68782
45631
-3189
35948
23929
22514
32305
10516
32526
30626
9623
84207
-5377
1039
15664
91053
96805
79987
63923
55513
2043
31832
34304
96087
76651
5183
70844
98007
31137
56531
82158
65793
2162
44844
67616
-8035
77358
-80
12481
75758
-3579
97979
59965
1044
64892
41503
-7904
61696
21489
21893
83083
33532
19599
83262
29618
-3751
98445
461
-5744
95457
22867
42288
61249
-9097
53006
28864
-7132
96239
-5341
81224
71996
66955
79202
31960
33873
-33
83463
-8157
27537
4951
23736
10620
4357
53336
-6119
-150
59585
-7675
76186
19715
53656
-948
72004
80780
-45
25009
75518
68698
21247
36051
5795
59118
3005
94997
-8923
46878
60838
40415
48721
98376
11240
82458
8995
25598
-8333
12876
35448
61252
81076
77508
46842
-9394
86561
18845
81386
52390
9728
56903
86963
-3150
-7046
-7243
65968
5959
53629
22919
18712
14466
73334
77433
78716
94575
15764
97711
86047
17431
76461
87369
44558
13411
64876
-8601
14017
7310
86119
61277
25575
61721
84054
78412
68571
87008
81169
-9588
58842
-9329
89207
87554
15138
62540
20860
59728
12988
46625
57439
-966
74056
99774
52277
18613
13184
17153
20012
-6925
-9663
6130
20226
25912
77852
4280
4323
2296
-8713
51367
68584
16003
52038
57790
69431
33050
86204
-9709
-7222
-808
46916
16091
74101
86846
15864
92253
5459
-5077
75280
-8655
63873
75617
73351
94100
67404
51202
-1621
37601
19372
65541
54842
97956
47419
6880
11619
16849
5804
-2177
83015
8582
72890
95805
-9453
2864
82651
16412
-4884
53984
21335
80396
55329
51082
11887
28679
45181
89291
45755
53560
92766
75128
84976
47608
28957
32394
64488
50577
59243
36166
14274
42258
54749
97164
-6064
55296
65902
86587
37582
71019
40570
24791
7288
61774
85874
29175
56327
96929
84340
2082
50489
77106
43084
35464
24713
37915
33732
55075
98492
-7026
-8760
78640
1106
55989
31677
5043
77160
-2421
57504
80616
78598
63949
5407
51760
25722
57155
90936
92049
54083
75275
60005
70446
52380
3088
71784
87093
51004
5515
42167
5369
74365
43408
94010
41345
65271
25686
56388
-1696
99140
79767
44795
33611
43715
16076
95372
79437
83231
86307
27359
-6813
17455
97365
73634
35710
452
1291
22802
17330
16807
30844
32700
57046
40126
92584
-1610
71271
84144
20653
35450
83284
419
90245
16894
54134
6320
78140
99445
55425
20320
26803
58612
47776
90042
98120
93486
56369
-589
82162
83699
92093
78880
82273
49138
84880
74856
57528
56151
14874
88181
57475
-1843
54474
47719
90926
74482
19913
24940
73926
85338
55260
66604
-177
3035
56645
63818
62395
13013
29103
44557
62587
21195
23436
44859
36207
74191
85590
59609
30341
463
3664
53690
74495
68138
1408
21294
42620
97196
56234
16545
82533
11494
49023
48230
90404
5668
12047
52799
94556
51150
-2645
57142
38219
96666
2001
84426
70856
53465
44035
67071
63928
57699
20760
38422
91711
98043
69716
34330
95238
91825
16750
33644
3318
75773
47749
-6279
47315
25670
56520
41871
42695
19749
64887
90914
82290
32762
31214
9019
96227
85249
41965
60154
-1179
28599
64450
-9469
92517
-9960
-9264
43628
91865
17486
87273
61057
-6742
-9105
20652
6448
26565
43047
14193
79260
72796
89080
70174
10959
87717
67262
95854
83943
8384
37818
-29
17205
32291
30295
83611
24807
96210
84347
78436
43948
1832
21582
5004
70966
22477
35657
87414
14916
88704
67481
-5824
17373
12434
30224
-5793
150
-2515
-9940
49968
15869
-6248
15813
-1052
36043
56108
92559
26725
8192
32780
71035
62140
486
-7384
77145
81452
90968
78676
24739
71758
23253
-7781
31808
6500
14654
27906
10707
90679
-8735
76642
40646
17134
80394
66459
91957
82312
88442
40390
74911
62508
83170
45945
24647
93656
4435
67666
30982
61277
46341
21595
98909
35468
23815
30717
51969
4343
68623
72676
-4979
69889
5192
1542
52897
95586
33875
44854
33771
88191
51118
74556
50698
-9839
86375
85346
49691
-9191
8885
90673
17960
65227
12268
16869
694
1957
57586
18537
82175
92083
-8787
43070
61971
72280
54612
14868
67865
54362
25596
67511
42552
86714
-2060
-6750
42749
94316
44470
-7561
50999
19229
93113
78960
94456
71255
61703
61025
39086
19288
45436
87135
11370
2523
30204
39216
84803
94817
19958
8542
49178
55554
86053
57604
-1859
49867
16728
50890
44182
27072
53329
-4819
56302
2315
40015
6631
39444
1717
33530
44404
31005
88967
31538
8249
-8511
71743
13339
86293
22433
43297
-5166
37485
-1150
46761
-4912
72866
-3373
87692
89630
50810
14763
-1167
11865
81065
77023
61880
97697
16467
73597
31226
26745
70476
20192
24158
44599
87557
-4100
67939
73849
94208
11235
34557
97567
85961
91318
58529
58826
53819
46220
48456
70503
70984
57289
92368
52048
34311
10121
49744
16652
93718
46845
9272
64193
77037
43430
74667
64593
5204
42605
-5685
-589
19714
38872
62852
5674
96064
21380
30375
49883
77601
88831
20385
48584
1993
78628
631
2178
98749
16250
28831
48341
73095
3977
78408
6005
57407
53074
36473
72611
-4322
40788
37896
91268
45535
747
-3059
41598
32127
37316
57355
9727
92021
43615
24185
-5987
22242
-9309
72067
86865
16941
66772
35205
55910
80749
79488
71915
38155
32561
74262
10765
-5886
80925
58661
95382
26459
25282
-7678
33931
67409
-4487
-8714
43011
97534
775
77196
57422
33017
77887
29488
85756
60702
-3741
86836
16611
87008
66323
54401
91037
64758
28662
67676
68872
75461
92211
64253
1919
17492
22450
45851
94901
93838
3011
-6215
91371
13786
80982
4666
12677
58868
44154
64307
19570
6287
51142
2055
59169
83339
66456
6079
48097
60993
83755
16968
36453
75965
47096
4247
-6544
35420
60098
54232
29257
28983
58017
86502
8643
-5128
-8832
97195
63741
1196
61501
49185
83359
78518
61240
42527
61856
93571
14481
75827
54563
-1765
58670
56890
84201
71640
71137
43531
7059
97109
63637
46316
26091
87529
98692
608
92401
99860
-2198
12015
66931
69304
27074
50289
47821
54189
58690
75551
3633
83171
51378
68196
91407
75922
90960
31481
47561
62097
40886
64620
59205
70398
76810
51171
57926
75501
61779
6200
31235
25456
94091
-1835
60634
87039
14328
74329
41227
83018
49879
54860
66189
67131
88930
13469
43052
35764
10824
56487
-2140
61710
21106
22939
97982
63790
39984
11781
-4835
67638
93857
-7726
-6907
87947
439
63727
74985
90642
38055
82087
73659
53808
-7180
-4279
20939
47625
19190
29865
93389
-4112
96353
57123
23473
83333
90062
21454
47123
95921
43236
8162
63558
37092
10436
66651
90913
86750
96252
21771
77391
34306
3857
51049
98114
72553
12645
84927
86052
-2291
80667
35314
3598
77019
-7564
37071
16225
48372
68525
29222
44292
77635
47384
73724
14726
23694
40374
5638
10443
36625
37410
97834
36805
7141
4757
34919
45568
93277
85720
31619
-9015
66386
76933
4583
43404
35243
7528
69630
49490
86054
64726
59656
19562
12110
33380
44289
45804
83754
15801
22122
86254
19085
85830
23058
-7899
56461
23851
47669
49737
9571
45163
50723
85957
87970
21180
95236
23213
38709
20739
38577
90637
95465
-1768
10198
7574
-2514
20361
19253
47115
2037
51375
33368
31122
37204
22300
33223
-6335
56152
90893
9276
75723
36055
69999
17553
24024
57054
12788
13111
61637
-599
17562
8147
-5134
25795
94220
78315
99156
80456
-2433
46270
92493
14816
45512
23614
17895
77813
66838
87435
33964
13604
-3290
75561
15533
32584
58988
5431
99638
37651
28543
17148
47052
56105
-8831
51918
47774
95389
30233
46930
75844
-6326
59074
68336
84366
4586
57825
2260
92399
24662
55569
92237
4140
62279
23671
29673
-5138
92659
45104
60374
30309
83647
43396
43236
-4374
44565
-4847
9274
39954
-8740
22078
81672
60810
91153
5882
45175
-4262
73707
13309
54011
64243
78878
2121
78383
41156
35792
8055
1893
94325
63159
28141
90509
2680
81538
33744
74181
26102
-5229
93455
31930
-3968
15533
79477
66842
6685
95359
77891
78298
24939
-8801
98183
99182
80077
303
77564
21232
46095
95619
33125
-3707
58777
71267
52676
27331
8678
52294
1511
654
57066
60841
-1541
18972
86374
87936
51688
58933
39168
29578
-6896
74107
30777
-8714
73288
10853
1589
50851
-2041
13558
2343
-3041
85726
26994
34100
38402
64326
52778
-9305
31711
19306
13635
-7449
27765
42607
88925
81575
-5706
3731
20742
99747
6835
-5152
30523
73996
34010
7250
85585
94861
15210
-858
-2797
88044
94869
34198
22143
99145
64398
40795
99840
-3892
70101
13475
-1340
-2134
21956
53459
89441
92126
23065
76058
91872
39900
36780
22395
13896
80791
-4481
65355
31525
20729
30372
-5397
74647
91115
-5325
-3211
90259
69073
3458
45972
31055
83560
25321
39715
47300
57278
59049
36740
49403
92114
78672
-2852
97888
15452
29543
77658
-3758
-9063
43013
37767
87541
83385
-1756
62188
74499
2919
68977
20631
37866
38310
76603
78922
21869
67799
18636
79169
90951
43559
81783
-3773
35672
60455
3375
99435
85907
-1207
77092
48023
-270
20104
51664
97271
69363
59909
59458
-265
72828
94310
30366
10694
32619
72844
55490
20362
-3484
40000
-470
97467
93560
47187
-6307
95106
73516
7068
94540
59422
15861
27506
73319
91466
57610
24983
88737
92848
50766
4068
58457
23593
64252
54698
161
62745
27541
21525
93107
34057
71526
58511
97398
65085
5698
-8910
60190
89214
74033
10604
4510
55769
48110
87829
47234
71594
78686
-8156
20315
29451
5913
88773
18919
36039
43470
94955
-1216
36885
16480
-8110
80942
98006
60402
34213
63090
31974
35303
89154
21187
9335
65632
-8429
75104
13741
89401
88213
51210
68086
90057
81525
63412
61844
70297
92331
-2117
13766
87285
6667
60651
3764
74432
-2534
1769
34833
41679
30733
32681
42856
85762
19743
62192
51393
21314
-6831
31009
76589
47256
92219
549
37313
73743
73961
-844
-86
66291
72914
23680
53575
89581
50206
23214
64013
57672
-9143
64720
65226
31591
-2599
8081
17352
93019
36147
34619
14332
-4809
75628
-9079
52447
67846
1470
99760
-2537
41305
64791
7377
7595
-6422
-3069
27044
93160
57137
16132
13046
14809
16990
43640
45909
58581
6915
63990
41807
-67
137
86426
24266
5328
17928
91062
23649
51648
58406
89284
59111
-290
54074
32362
83180
13526
39294
76098
6685
62305
-7770
95606
87114
19220
-4880
33022
87801
77910
62887
95482
87844
28898
37781
77984
44226
65709
24919
33749
17357
93325
23032
42342
58909
42980
84705
42088
66507
89873
18185
39066
52177
86290
34672
-4835
5509
-4334
-5939
59184
83576
66948
54665
27293
-4155
-7554
5276
5945
68155
-3931
49695
51386
99394
82727
59603
14176
25707
181
66264
-7787
-9947
50324
41279
8104
36613
41825
13269
7997
3365
83206
77181
96942
6027
31846
90109
77748
-9834
-4615
93693
24195
1454
-739
85582
66723
47863
45184
90899
39444
11239
13037
-2469
11292
29235
4684
95271
31722
56510
74415
49719
25749
57620
26900
88565
73647
24620
78674
51394
24786
39933
961
58981
7261
76097
436
83984
23959
11494
30757
73403
32733
9668
80934
9899
48903
95619
5170
46499
8002
89585
-3782
43751
3078
98993
98191
86725
23612
76864
-6007
14272
16796
70829
39127
99932
46925
5438
83916
80885
92807
80547
10161
25540
56089
-8905
1313
70866
52588
82358
17364
70590
71942
89457
80215
40894
88449
78405
93494
77935
55268
97487
-7794
37938
24189
-2792
37870
81114
12646
87660
17872
5452
24080
38034
-3134
90169
-4997
74055
61034
57591
56412
88398
28180
94229
33729
74269
35122
22177
52674
28615
65987
73816
91976
24067
77629
16164
31275
15498
63153
9795
69032
91025
25248
-6889
94933
97989
93280
99936
72043
10187
13400
94330
64459
7454
88558
-1813
91724
23679
30365
271
18169
-3649
84087
10144
30418
61715
-7817
27568
43087
65336
47363
12118
12234
38485
15229
7167
-7652
74383
72977
74391
94570
52252
68720
59029
69706
13151
67216
61429
46831
63455
27574
75000
25680
11661
51018
21973
39250
53201
59541
92338
18536
72778
4455
-3355
11263
95560
79687
13611
25816
52663
53876
20386
4914
88471
45289
40495
1621
78379
67798
14326
41834
-4628
55200
33388
82908
6218
65361
22157
69419
90776
14494
53830
63554
94825
60475
84817
46258
40161
64302
82074
58698
18177
68334
29487
72522
79497
79982
84144
57876
3653
64344
65584
9025
19544
-1029
-8068
35762
74333
24090
71055
20982
4458
90759
94536
65157
51233
35226
11414
57268
-473
59363
15966
93580
93571
11327
21975
73068
-8692
71993
30943
4961
36337
-3474
89862
65881
5497
91794
67517
45704
81758
-5555
32561
96217
95205
27096
17247
2311
72323
-5464
69580
37724
63899
51420
97178
57469
72747
85028
96411
29929
57020
27353
764
-6644
99754
-9375
25111
71126
48294
-7373
82704
30051
62948
15264
92142
14026
52361
9389
26337
90558
79800
61791
94156
43698
79085
47208
67041
51831
32235
19326
47634
99255
56679
14273
58486
56433
14898
93597
27558
29066
52099
76136
69118
15046
-8600
17133
39072
53761
-7604
31283
192
82196
-6926
-5653
91768
82159
7429
14683
99865
49664
44009
3372
4793
687
27645
73279
22994
8418
66875
16426
3358
18973
-7438
82476
-107
-6038
65484
48965
13597
67880
90249
23789
50076
49197
94011
-2283
97230
67315
22400
52968
16978
76409
22215
97646
87097
59860
26798
75965
34152
-6327
-7609
47511
88521
60828
95861
98415
64790
61344
3253
44261
95099
59376
33924
1048
8572
93809
8765
71677
61123
41166
24644
43976
83449
56859
41621
70545
82594
78420
2384
82620
37967
70650
30130
26487
31477
91866
90776
62141
9083
-5971
6401
70056
63405
6199
81104
37852
7
55744
9528
71131
-3091
44172
15106
90358
66906
22601
16777
5373
1020
95036
97993
4861
65685
93998
41349
-2839
41737
97999
25176
60820
-7973
-2549
30876
21307
13650
77854
69159
23657
33597
88687
-5213
-3620
98733
85768
52613
21512
8369
35264
-7241
85264
30299
-9248
-9875
61858
50624
-2652
24893
-7640
-4654
60069
19054
63249
67520
15804
94556
91170
-6342
19588
80701
-6871
74149
85489
65385
72881
27130
83872
60268
45499
19135
63027
30763
15308
19653
96763
43040
80277
-5890
77933
38511
65331
38001
23440
28579
5520
49244
89009
62564
8776
74471
43264
77781
48619
94627
43165
21500
21757
92911
47642
33130
12045
10668
73893
-6773
40322
26529
46267
86473
30639
24199
90859
-4030
28074
14298
-9577
-532
29416
45307
27906
48193
19777
81170
91848
78397
31671
35012
65771
63428
27922
79287
-3443
5841
99955
36325
74943
-3850
72854
87084
48498
69368
77157
39356
31212
5230
19528
97510
80573
58944
42816
8478
73011
28468
55522
64858
72739
97193
65744
38509
16494
59540
17795
23052
31255
83624
25251
6197
45649
63979
59155
60021
33346
36311
65251
74558
7415
94779
72068
97988
9596
80758
72340
92608
9225
27862
13339
91964
90929
89084
96347
7423
4497
80016
-3651
45753
19514
31600
17824
75163
-4422
86980
-8943
38925
89165
66308
79357
62455
16960
7298
60442
36556
98057
98657
95038
7281
92393
74252
65120
83321
19209
61466
-9257
33706
-2644
-2908
89459
26870
-5434
73158
67907
145
16011
68964
4944
5175
35271
50175
77630
18105
67474
-6054
20535
65530
58477
15573
38685
50869
55699
3804
34189
84908
31145
-9193
18613
38501
-2101
73947
31245
68341
47104
-849
78486
28989
78115
49304
38
79260
-522
43543
-2636
76952
3363
27899
-1645
71840
9346
47041
22708
75045
16719
22771
59952
13738
23578
44440
18113
97353
18386
59358
65693
31364
68509
52
70353
2497
15230
80391
91757
24708
89808
54995
67535
-6830
48769
75890
75010
23989
88805
63592
-966
71399
96364
24860
51011
85816
79300
79125
39042
-2315
-5644
4734
-5077
72866
80661
31150
41237
-4110
77416
98869
96474
67223
53863
64008
70394
68506
-4229
1277
-7505
50451
74870
1529
21849
27107
-7737
38734
12922
81564
17858
17839
45123
88090
32573
5921
60955
79109
47071
68066
40873
24486
66934
37346
-8291
86672
67228
72103
55177
73000
83380
57672
23450
14123
25075
11173
51230
93214
59907
30027
74777
43640
57866
85774
31729
56313
-8306
58558
35421
48766
92498
86295
83252
59432
89515
40835
1977
56743
78812
23028
29742
18066
46575
19066
42189
81650
-3887
-6581
30737
21894
99321
71388
31408
57186
57162
73137
13498
14730
97569
14794
73496
90067
66963
12622
5372
56477
19331
83224
79094
-1857
6251
74710
26209
62826
-6225
78398
350
65763
37691
41087
97658
-7115
12475
29065
60071
35511
68077
39444
60241
21519
20112
99612
77460
52949
78108
48706
75300
-2562
31929
54394
5581
48181
29103
-2336
11006
98754
41937
87231
64516
45502
28318
18047
48388
6667
57113
74333
52178
91064
79651
12418
78457
-238
12029
55917
18585
-9864
4622
-6115
63450
46552
14153
34905
60607
53256
42570
37487
7883
50381
24718
82400
-4118
63036
446
54270
79703
23433
94478
97755
80371
74128
10172
58828
39765
98077
14744
68350
98213
95241
72235
17536
-2334
52262
62442
68273
5518
70886
5760
89276
21266
-3648
71675
93023
25262
37996
47293
70839
27303
-2356
68593
7674
81772
88765
76502
21536
86841
-8755
99887
40928
52360
27995
24338
60027
90258
96780
28299
61650
23539
-67
6799
54805
6285
88475
47828
41547
92345
60995
78260
19647
68639
46852
37321
6284
-8509
13822
37821
88332
80942
-6419
95134
33302
97451
19472
-6672
43582
82126
97502
71106
5665
63310
87906
26344
79595
32254
84172
87017
24598
1040
65276
54245
35553
78003
57441
51838
79494
81263
55533
23699
18079
59114
84708
17255
12438
4179
20583
66021
52179
83959
37126
67844
47268
25031
-5812
92738
67285
44234
79754
57757
11149
903
77877
56702
44780
35317
74414
24273
82454
29946
13847
532
54934
-1446
27787
77373
12733
14244
43393
74912
-1797
46393
-1370
55471
37299
68693
4082
70458
12926
93836
28215
34075
60614
6091
56652
5393
7282
31065
-4459
99736
26886
19388
268
91820
93817
-6071
25066
6549
84049
34333
47335
92252
46601
11839
3596
93900
90532
17679
64357
69333
77389
58446
69282
-6124
30411
25933
75145
47693
22873
80686
47429
15633
65948
13571
73327
59764
17500
-1607
32187
1548
42726
45396
59674
99327
67236
29145
49100
13641
12698
79332
92974
-9914
37777
62256
59838
34063
98189
34982
91756
86936
81542
-4942
2568
3363
18629
85896
29001
2004
50163
71188
79427
58763
82458
-5025
58090
5567
34120
73064
29209
12692
52395
22182
12778
56047
94438
82616
-9891
48501
83472
47739
35436
65013
52798
3879
78376
37301
55649
73251
5179
5811
44438
50481
74574
92771
55456
98538
-1663
55450
71602
37546
78142
89871
69729
56794
45917
20040
-4716
1900
78541
44630
15514
79852
9643
34186
93731
53893
37361
5253
27144
52541
21064
37456
68896
61512
30226
90226
60050
-5562
45675
97526
41984
89691
87396
77587
2358
99188
-2373
7642
66962
42042
62273
48350
21893
37790
92536
81498
57557
29897
96751
50575
48312
83689
53906
17207
45201
94132
7432
71125
98570
18981
24524
-3572
74546
77794
39889
86904
32855
47516
60421
-183
55433
88568
58167
87326
92232
6577
24698
49788
2348
87323
66238
60660
26886
20143
43741
82087
80149
17047
9085
78719
1902
43609
41021
86448
87277
90910
29225
20132
-5700
99646
29949
59733
44087
53990
2932
36318
26441
37630
51981
38789
90828
18218
65323
17713
48361
74938
65674
94384
-8016
84759
73102
69761
94242
79997
56208
81518
70907
51308
67524
31081
6827
63347
-9187
60915
17337
69620
63107
9652
73125
15087
58442
63952
-821
89639
47539
13414
64577
13212
7798
22435
63845
46774
-7804
13960
92646
58404
61352
19426
9711
28876
60507
26539
-7778
61320
53328
85434
96814
16434
-4914
69938
-2604
19402
33889
72450
9040
91428
51739
83617
70514
25411
6052
34358
82185
74123
58318
74830
32526
85545
-5745
8112
14420
20636
525
16642
47830
19727
67951
44644
2035
73037
14581
75306
58313
14345
47756
77353
71647
65369
16844
42161
-9221
98771
86519
82964
72893
711
13668
71293
96256
83798
45279
76550
4434
11678
-6809
62264
41405
27016
6907
53441
52
97364
94621
24239
11708
42376
1592
93355
7744
94311
35515
8523
93081
87909
57362
21847
54494
36904
59014
50749
20701
4293
27298
35135
25971
96364
63274
33251
89255
80181
52566
55181
77544
47186
89421
55126
55437
-8988
48481
73181
51197
93996
47579
151
37778
70815
31998
-7729
7718
-8989
53020
38419
71179
46192
39429
-2850
-1570
2702
-3725
97685
48757
58841
52865
92176
71901
-1841
47301
27337
-829
61656
66393
16242
11526
79846
26393
59304
50660
68391
61576
24252
25277
80470
28545
-3545
92537
77974
69480
56841
46550
31629
10399
61182
-9531
73264
53357
72371
81424
66532
65582
46469
28188
31974
72712
49714
11819
64979
9017
28353
33370
36467
62605
24521
16937
-8850
30976
75348
34998
66331
32188
91549
-2041
52587
52730
64304
91725
71961
-7452
29022
38492
68130
85492
76680
104
14077
92268
87798
89056
1285
16151
88300
47752
88756
12820
30563
45780
9671
5910
90779
86002
48098
82327
49835
684
-9070
14138
-7591
72891
16686
97306
11382
94817
82797
53937
60795
62748
46204
48592
7678
57489
30617
-4023
71116
85248
84673
67553
31027
60218
83464
21805
2093
97436
70006
61928
63995
70936
41941
22278
-300
68627
19583
21083
19317
68255
85020
45986
31002
31223
-5422
4554
54587
-8931
76407
91577
86317
61079
59129
83219
21296
-1534
70898
33389
61777
40904
61191
25771
77714
3131
58049
87415
37633
43506
74372
66950
11760
59391
12936
8637
56488
83389
23191
76949
84458
-403
68525
26649
26550
93529
9867
57846
57869
90765
57109
19645
97543
18300
55416
75257
97306
79339
18545
34938
22845
-7084
1888
479
18181
90699
19116
84669
29961
8182
17492
14418
17779
51891
6941
10204
45419
26808
78050
3288
83448
-8967
32933
80990
85208
54224
56246
38387
33562
40665
83326
22281
43581
51088
32761
71762
-2340
17751
12305
37621
35933
39797
17913
19587
57562
34855
39791
2981
71663
83715
82144
55110
40622
80951
36100
25829
-8952
58220
74217
34611
-1115
13416
22766
8340
74504
21401
90103
82164
49153
68282
19784
50960
73953
47697
80547
31514
48426
20337
369
20089
69927
92513
41073
10548
29338
43047
46378
30386
67142
86469
30871
31901
-116
63638
50241
40262
95039
-3783
88300
65
30373
73958
61026
4325
21654
41572
45840
35955
27784
56209
21918
-2290
4596
72991
18258
43934
81913
30510
40194
4928
82853
81066
46829
48611
44703
62944
98873
-4385
69162
87172
71556
-466
61129
32581
79735
48658
40027
25574
94613
33685
47657
82405
41395
18127
11269
25528
27935
-6819
21912
78130
8109
4765
59195
20812
63376
69772
93757
18123
75387
18792
71169
2816
94201
98173
45397
73935
46830
51299
65383
-2684
94984
78915
45595
-7747
-2959
66864
93656
34977
70046
15567
13106
44029
96207
82301
30716
59583
52072
90347
43580
93333
9138
14748
62024
69213
12920
7420
43148
25624
24593
8530
98815
85452
53319
44409
87705
60361
11273
81360
-4663
47193
62801
84318
57096
59008
22492
97812
84465
40438
88158
28044
99645
63170
52792
61668
32383
31587
34963
41405
67211
69556
15809
21900
55007
79129
76309
-1415
39489
97582
45819
700
648
8620
50892
67745
33502
83384
21430
17966
89696
75463
11884
89340
38632
30550
51008
36889
72137
95971
44168
-4778
21400
69978
27122
42282
4980
3430
50867
10343
66887
62561
86918
77535
37055
37809
1153
80557
87067
32584
64397
76762
8046
86281
21975
12552
82705
82983
15316
54842
34827
69484
60064
22102
-4665
97186
74384
10315
66490
91125
30658
33376
53685
17575
76786
-9261
21258
43813
37170
8324
86397
67441
95086
60317
53721
82936
82870
-7700
65918
64060
57142
66620
33543
83080
98722
-5247
36139
28979
15068
2628
85978
11601
1879
39663
39176
44539
-3724
70435
98352
-679
44633
84749
76762
-4407
939
96358
88529
49683
98658
54446
13742
55799
86940
13160
-5248
41535
17913
40891
36388
42981
53519
22366
64582
21272
72029
69633
75811
34179
40067
74163
43500
50574
14785
86137
56167
25724
82494
44695
85408
81151
65016
65024
-7177
7829
88184
-2425
59365
6096
4340
-4248
59078
23733
28118
89534
55006
66021
59166
30816
200
65107
70853
9574
15681
95638
-4290
37722
87237
88204
92418
28518
25228
13307
-6459
93926
31136
47600
57375
-9500
63696
71715
-3747
88648
-4552
-9755
34056
16328
66267
-6779
57144
32341
24203
93872
51915
5758
45383
13500
53480
32619
67578
45897
27011
-7194
69204
96428
52606
66215
44027
9981
66715
7722
47570
28842
62245
53018
29088
-3700
79346
61229
-479
-7636
59444
99599
96236
77233
5356
41618
-9268
68837
40112
68311
80608
32997
26991
5686
29424
89597
81901
83451
65452
4489
-8827
13022
43332
63418
31914
38294
69718
77135
65397
35113
79499
24840
34712
31608
67947
5942
39100
68680
40653
89212
-7136
87136
88084
95730
58696
17507
85326
40596
958
6652
10959
68006
29674
20165
97298
71588
24333
67015
48722
99730
68002
94095
90444
68588
91577
58391
84531
30677
92945
91058
85763
95809
78193
73846
47412
36888
-8647
32737
43358
2311
5263
20192
36191
44937
50357
33488
82400
84691
66377
96996
40294
34378
46965
96613
68841
38541
10877
9245
79218
69696
302
20855
21378
44370
-5300
78790
91258
61928
11526
-9510
30113
92665
20682
76304
37601
81039
9791
85875
21603
86168
38745
27772
86421
95710
24384
55261
34250
1135
74506
79343
80831
40682
66072
2208
95052
70772
90998
86310
98575
68398
42674
28687
61062
73356
70866
64538
10268
90657
50412
41872
32699
99157
79644
84994
50740
69902
40254
50865
81037
80634
30207
17741
21315
62153
29949
16367
98799
20946
68551
97373
55218
11224
91935
16280
50454
62800
90818
26596
9330
-2897
78468
7903
62135
13985
-7104
12874
49761
-976
73739
96672
89658
69820
14412
76848
31972
10235
59089
30771
-2945
93514
28143
62274
70612
85952
44428
21065
48751
35245
57661
68082
-1778
-7997
85985
70357
81863
44756
93232
97499
53780
66970
94170
-688
-7336
74457
42034
34636
94692
1122
31281
-8253
-5365
25299
19895
75247
11250
74323
62186
70002
75442
85721
-6043
83664
87724
45816
54021
25461
-9429
3126
22959
10226
80096
83003
85413
38634
57459
27446
83271
8025
-5558
14551
75647
64952
5724
-4459
40198
26975
35738
68258
-3024
11179
53978
66808
60717
-2424
12623
14737
33037
79070
27863
21870
55170
73834
4872
40582
12467
28206
33902
61612
2105
-5782
42038
87752
69170
57762
49167
75242
94737
50779
43499
57587
71958
-2524
24394
32674
70927
2892
13286
3963
91962
7023
-8293
3005
90857
72455
9461
69199
660
53363
30810
78640
57581
38722
22265
92625
-3516
37306
67866
57095
98085
11364
14682
25916
84715
4950
24464
55642
17842
47750
25479
75678
64774
27187
88683
11504
-359
64018
46577
76176
17380
43262
54815
40835
91984
42954
33459
98468
90260
1324
55563
44218
88563
36119
80134
73278
51069
4597
28919
34786
18222
64398
76338
48870
57459
20895
70374
67100
94913
16951
-851
78168
70213
19838
19002
18070
72792
18336
16538
18925
95535
37975
73143
39972
39968
53276
13249
56911
23748
8042
-8304
51970
38314
78035
66714
-4227
-1071
37087
28747
-6159
19912
37897
82009
55999
67735
66886
84070
-3599
51096
66482
25326
2504
70331
64344
52476
10298
83494
31599
77209
7241
49641
34780
25085
97956
12814
-8202
59603
87618
-5240
98350
47333
24672
-7880
95217
46546
69856
17976
96490
32131
34946
62971
23331
47450
99176
97675
65801
9473
81169
-2601
52556
54284
12915
53210
89370
76745
31898
47042
36347
19515
51802
-9430
32723
42349
-7309
27939
98895
28421
55915
95384
70552
56735
14228
-6118
4184
13403
57432
35859
98751
-5526
-867
7180
58758
22048
70391
48127
64667
2288
-4831
66888
97679
12845
67458
30401
65194
26023
24214
64088
64444
46003
15345
-9131
2737
39573
60627
82796
62976
18058
18655
61726
22532
93663
78907
47164
81585
5171
61166
46251
17459
66335
79013
81012
45054
46470
77287
10248
38368
67375
40210
2811
13377
65556
3681
91989
5128
74308
74785
33979
58240
59314
-4296
46646
52976
40485
-6191
34560
11530
64975
90811
-5136
97184
69823
85876
42238
82167
19037
62486
20534
96412
2695
99221
9789
34125
68776
1777
49254
43083
42436
93233
67197
1749
54811
13842
64725
61171
83526
65159
82701
48501
55969
87565
45684
91666
29315
53796
29707
58352
82156
16115
54763
94852
81210
30426
94851
49985
42204
44104
58942
50514
-6790
26138
62264
13896
5854
92863
40941
99381
58022
23641
3755
79865
77081
15313
27405
72270
79110
22986
30621
61265
49101
51258
11990
96186
91685
6841
46170
99763
16819
5112
50276
85905
-2876
78414
-200
12979
71277
50741
78234
95173
40256
91989
75037
17336
73176
68316
99606
52285
-8699
96101
79425
6277
47359
57289
2462
39043
30004
58632
38805
56824
29618
54955
42728
36743
33369
8402
15596
4645
69143
59704
-183
9398
7566
40728
-7391
90742
9044
58089
43027
76220
54190
88326
92497
1548
1488
60833
6465
41493
85340
11144
64191
14957
76099
72793
17574
9467
91195
-956
89987
60337
68748
55678
35609
86314
-3594
-5908
77056
81325
62182
85957
57544
16371
30156
50041
93794
41644
76748
258
49011
62087
87277
13201
87045
63375
95994
70493
82843
43062
79538
28703
3398
4159
94382
4882
56348
-9213
8974
99278
82112
37030
85234
-4471
63401
81264
55570
13068
88782
32318
89201
37793
60279
76477
60994
47323
39852
12862
83691
88569
65924
19102
17271
35197
33261
11652
50079
99609
78314
24927
98886
60425
71958
39993
65955
-8768
87131
87399
14301
75913
85591
3501
13705
45870
45853
40573
59067
95705
63435
-1369
40147
29359
27733
67418
30430
70995
44945
90509
26477
23258
81310
25363
49558
9141
31230
15512
10374
18361
68785
-9451
60148
10250
69925
83853
21994
15777
24425
46935
77356
53735
55567
17502
93094
93300
50795
23523
20168
-4261
79906
56646
94872
17089
47883
44429
36231
89113
25815
12479
73348
60475
13028
33495
80725
92953
83222
2718
74605
73522
15527
7834
27256
81094
35337
86224
74394
52006
9746
-5439
13619
55526
17081
8490
38489
74964
18794
84720
19951
54609
63073
59173
15083
86101
58543
61682
34928
41764
30274
75407
15285
55802
93241
52541
36895
94452
38764
77163
46457
14384
37599
25950
35784
64680
315
40148
-4482
29109
24867
91344
49592
53815
50516
74676
39915
74933
36357
40717
16697
76632
16123
-2144
32433
75239
16272
35202
69690
20910
12365
82022
1169
15838
7971
46953
46392
84161
97101
51910
13269
87843
-873
28736
41657
59644
3411
47446
-9550
5642
54038
17147
92274
80161
90879
90581
11273
7150
91658
90964
38060
69897
28859
49229
95735
2704
62057
42126
96866
15031
59911
76009
2873
69038
4744
10404
94556
84030
23725
50881
99673
87763
78028
47820
23797
24780
-5725
45071
41930
95933
-8092
45865
65829
30767
-4907
17437
43471
23024
25437
40336
48056
51222
82220
16803
86135
96964
-6918
80690
80994
26807
31570
36540
80444
75473
94360
70115
252
98635
81060
8057
50441
82968
63922
82144
13734
69015
-420
23080
-7961
35018
29290
5969
96240
11509
32772
82374
74348
35854
18938
11215
28535
16382
57755
8978
57729
52114
89094
23856
6623
70153
41913
22938
8995
5834
5082
98604
40723
14662
21683
-1364
15554
60974
14605
77669
38357
13252
15916
12704
59106
728
33919
97642
92986
57548
72494
50714
75537
17461
40444
48034
53489
92357
80972
72484
64065
96054
71087
70663
76591
58645
35173
-7856
85493
15653
35687
23849
38905
17478
2428
63885
28206
2221
17400
87066
69770
99895
-6346
45306
17355
44098
59214
36718
-7671
40185
9201
22268
36239
46163
-7070
78704
4807
38104
36722
-9701
63757
82410
24148
68536
65762
-7550
32420
-6033
4672
59821
91034
40316
59715
94688
51496
42944
-5341
10709
45537
-3012
60894
64738
29257
63007
10900
98062
41710
25707
-7961
44307
91881
65796
92591
81904
-9795
58352
84354
32626
18193
99026
-7554
75101
-4785
18035
69788
56711
26853
30322
77420
82390
37310
-5812
3002
32441
67195
23902
30503
74780
15484
32542
19086
7364
64213
77551
99268
64418
35902
39496
-2957
64095
-5605
65364
39196
-389
49273
74858
66322
42001
5179
43742
24390
8364
47930
37392
50805
80999
27169
47182
11652
8527
89725
-3388
25891
9811
84163
91034
84229
20064
96404
47147
94160
-9202
78385
99230
409
27658
74087
32606
35533
45141
86348
69923
63505
-9849
73190
80184
37024
358
27366
58677
18885
82965
21163
10650
-7225
5326
67558
42878
35390
63961
55899
95424
20634
-9842
50527
96918
93691
90489
29523
29223
35629
81745
-855
65008
37770
38209
45191
84795
48567
82557
-655
33326
21395
30508
9851
90045
45834
43283
32923
47099
73119
54696
-1604
-6248
54854
58924
-9331
48544
49412
30193
87767
50915
11937
52787
15922
59708
-9005
71113
376
5437
9544
9721
4637
-3187
6103
90363
96859
17812
33646
95656
74911
6764
50351
39181
10516
71080
63979
77060
19623
79265
7252
73265
30179
95065
91926
56101
10646
92921
93089
21022
64232
68507
-3383
34744
75320
12720
25106
72178
40532
68752
23707
81317
85516
84059
86373
61906
55138
50351
38966
40635
29616
12092
79774
25669
7156
71699
47645
93677
20494
40733
80573
50600
75114
87190
95344
6307
65785
20450
88486
72191
99202
78067
9382
40592
62125
-4246
2497
83137
56105
7337
89647
51595
29430
69420
87265
2460
-3007
34909
62012
27487
41516
42584
88087
82504
95649
39305
98811
17307
69755
43170
99498
24830
21237
74754
75422
49236
80508
43794
32373
-7513
17005
87894
54082
56435
57313
-2780
24770
20180
42129
52656
57667
49519
-4761
1628
97897
-9113
50933
96708
84069
86562
39877
39441
11391
71114
14194
96814
86225
-5298
-3519
84472
63064
23486
72365
17145
45796
95552
24366
36440
15732
32369
99096
39273
47763
-5666
6775
45659
61097
23582
42366
45165
10143
48118
94606
31535
85106
74675
94223
71330
35251
56578
55801
-1686
90064
94040
91334
-8267
89592
81574
38173
5323
13943
37268
10470
27580
-2523
27246
39113
24448
16702
47354
79613
36846
-4529
30093
34255
46451
70642
28477
17781
5892
95055
39456
14206
40992
33496
5539
42726
23087
97114
90899
-5716
76931
28167
80629
70385
-8482
73749
9497
25966
-9549
66851
71453
37297
28196
67420
81552
84648
38061
75903
68303
53953
70957
73633
34033
77823
7128
5447
20548
-3911
2560
11447
66248
45365
5488
2751
81624
7006
86500
-8880
-1154
86951
23846
80299
90122
17916
47719
27547
68438
95780
3449
-7386
5607
40280
76248
49640
18103
49250
65087
4525
11214
33521
25972
87462
44760
-2666
56087
26383
80215
42587
93379
89061
95412
83099
25234
85534
66889
82953
78955
35327
34606
92405
37941
6087
98559
80063
65728
82536
95188
96689
97062
6401
96085
23033
59737
40844
96243
15824
33102
76457
68411
92355
21392
63822
75453
56626
5229
-1785
-4548
94185
43542
-4068
42463
47358
12020
41021
93295
43622
23557
88482
-3816
20618
-5118
-7732
9525
20494
-1013
71642
46318
-2037
48099
80603
-9683
35365
44424
31644
-8010
15528
39859
63317
75587
49276
25123
18049
62508
47143
69070
55802
56639
58501
158
18698
44993
5040
20966
20393
-8592
95828
-7966
47726
-6210
50133
28328
59982
95498
38627
-8375
53362
64155
-2641
82553
39741
56635
7676
23664
19142
20693
58608
40818
87333
17109
50976
6030
27976
21891
-7130
58369
23299
54573
60404
81026
58363
76411
75228
18345
27783
13854
85845
47019
43883
93204
29572
49498
5712
47248
83162
-9272
77941
41770
41547
21147
24753
-7478
-6949
18603
90288
-4078
86973
13587
16369
3250
60487
84732
89661
35714
68951
83318
15443
10670
30337
69326
69748
69909
18824
85461
83031
1985
86189
60971
9629
27735
47993
256
96133
51044
28860
86420
12840
15832
65881
39209
94957
26367
89816
40491
27956
14640
23809
53399
35310
20020
22724
5058
55803
7422
-9482
38833
19408
86707
65678
-5089
80317
13670
5168
32323
74715
-98
18742
97555
91609
50498
-7362
86565
86865
92454
27055
80695
7093
60864
34093
52404
46758
22692
23336
2560
40114
89729
51393
25396
32309
82946
30308
12625
-3385
1350
54948
37204
11252
39565
-9367
2860
-9938
-6729
99425
42801
95725
92354
89371
68692
9092
23463
86970
65850
12029
10305
34285
62144
33
95678
97540
42343
34497
93722
20842
-3013
60946
41665
44191
82198
91230
698
50932
47166
3969
6230
55841
65568
64459
45211
34260
83551
34549
87104
5274
56578
-2591
49559
84596
7442
1111
38010
15659
45608
31731
46502
52595
58552
98167
62661
-3377
45270
29233
57556
-7565
-923
29660
14150
74645
-5882
69362
74779
87669
69785
61883
-7057
26362
25166
52502
76833
-1518
63613
14842
24142
75096
12447
36518
93565
80999
-9442
12099
87623
45828
51333
1052
4137
60410
40712
28287
-9072
44831
63523
31582
98374
33307
59339
57191
25544
50379
75568
2376
58861
-4946
93093
48877
80150
5539
95395
73715
52413
51827
51688
-4091
-2346
3020
6961
77666
29304
13547
5953
96108
68378
35350
27689
22626
78658
52902
89817
70076
3280
65384
38326
72141
70439
31418
86893
6462
2831
82287
46051
21118
34114
-2261
27027
-2358
76634
43988
85309
5938
23410
57136
2045
57662
-7515
-4392
90288
37017
58510
35979
7092
71790
1362
55418
-196
37675
52710
96697
10012
21416
34858
66063
52534
34846
29676
89562
-1638
6310
99424
93671
88123
22833
6680
-9833
90496
9166
61650
36657
12057
20159
82636
95025
57823
49873
6316
23501
53422
69027
20198
73434
-9558
20930
-4629
8850
65776
35047
-1589
30012
7231
63710
23683
-4647
52417
-3763
61395
-1214
81278
23044
45444
-6665
9077
28079
98360
76900
87952
4675
401
41374
39576
96474
80682
40018
83278
86053
14743
4927
86975
89029
44939
-5795
52738
34496
65434
5155
40734
26828
13941
22011
15747
25259
25346
34824
63339
89580
77599
7164
-5745
43874
14412
43831
-3779
-4906
49724
89499
47021
74467
-5575
33995
63495
5238
38201
82108
49735
3634
53137
-9532
-3664
77078
88354
22083
68212
13700
66908
31550
3279
380
4588
73409
54254
29001
17240
60475
34095
32838
49973
91116
73179
10272
25111
-7453
25510
29186
84655
85245
-1306
37791
41587
5030
80744
29941
37114
48955
53641
69896
46379
22794
80276
60967
-3797
34529
99968
89318
60878
99937
88030
10850
46927
61208
96997
37912
19629
22506
77098
4284
7751
41666
7949
59338
56696
54567
55153
59684
3521
8793
95454
15774
-2538
75729
86742
69540
76132
86709
14731
37009
42520
2760
13733
99447
29842
10729
37358
59471
43236
80330
29629
16861
21995
3453
42073
44565
68020
-2774
4249
81542
81894
-298
63190
45230
41306
49931
14769
83312
-7486
-4626
20321
45034
74009
-72
44480
3850
86533
47712
29196
29768
28041
24699
12503
15910
38152
20450
70475
6172
93551
84724
53588
75445
50301
16777
86549
-8394
32583
1318
84918
35097
6692
71113
90131
46576
36916
-9516
60426
23448
4070
55496
19090
42111
46070
-2533
68021
94222
27917
-5631
66268
21468
89094
85730
62787
-4732
68382
49335
62749
964
16527
3540
1935
99095
84654
-7935
45670
87444
58424
6095
10891
72494
27466
-4145
80479
83536
3322
4373
33631
41239
8742
65774
28581
63710
51503
-8633
68978
85759
50703
97601
52597
77230
1141
64532
32198
95795
22471
87868
39112
90895
59838
15877
19262
97304
21732
65615
36713
35054
79988
36218
42167
54605
1991
80749
84189
19369
37990
9041
5127
98693
6641
67725
31797
17782
98131
73995
79451
20602
17737
18562
77371
87575
44439
-3367
40752
76171
72248
87465
77099
8110
23682
19266
28589
-8452
65889
12777
20917
3878
31818
-8082
68446
48460
25517
242
76242
23648
40111
11567
54250
23722
40129
31620
11296
50443
-5873
62048
26613
32250
5386
69587
6234
-5057
98853
44823
-3509
64741
67600
93283
78619
65293
51075
47064
79627
86593
13180
11742
76115
19166
33309
30364
52888
83439
27858
30059
99756
31986
-7894
26368
30110
73368
-4046
46344
78311
60681
-8834
40676
91296
24640
33958
25789
55807
50907
38727
35433
37499
61908
57176
13613
46948
56359
9851
65710
-4329
47710
-4232
-4574
45570
63750
31795
41554
37117
-6377
97898
81302
20179
54938
21977
11474
45452
21809
47263
1259
82716
95991
2566
86090
13772
69742
65577
26594
26101
85429
-7697
97647
99013
63947
-6927
456
93571
-9258
52010
96562
60240
5781
77863
90419
70719
65714
67768
16170
53397
15030
93304
-8014
76895
-4130
43950
-9334
31486
9527
93135
23461
60830
95439
21108
59842
15259
24181
26172
8829
24923
88182
71265
95163
59837
5001
41456
30555
36589
9223
12599
99986
34253
71778
57846
77023
77648
1796
33563
9133
21323
26698
-1531
92153
88011
29577
7868
3269
63758
44040
87973
54555
98096
15111
49717
57932
30112
-8828
54361
76701
76270
32834
32560
10523
4611
-9595
53420
48133
2201
96983
23141
99399
23680
31610
47425
11690
71187
21167
90834
-9182
31081
34680
55373
29176
59791
70964
52982
99903
28011
73217
32477
4280
6051
75037
90678
